System	Subsystem	Description	BR_MCF7	BR_MDA_MB_231	BR_HS578T	BR_BT_549	BR_T_47D	CNS_SF_268	CNS_SF_295	CNS_SF_539	CNS_SNB_19	CNS_SNB_75	CNS_U251	CO_COLO205	CO_HCC_2998	CO_HCT_116	CO_HCT_15	CO_HT29	CO_KM12	CO_SW_620	LE_CCRF_CEM	LE_HL_60	LE_K_562	LE_MOLT_4	LE_RPMI_8226	LE_SR	ME_LOXIMVI	ME_MALME_3M	ME_M14	ME_SK_MEL_2	ME_SK_MEL_28	ME_SK_MEL_5	ME_UACC_257	ME_UACC_62	ME_MDA_MB_435	LC_A549_ATCC	LC_EKVX	LC_HOP_62	LC_HOP_92	LC_NCI_H226	LC_NCI_H23	LC_NCI_H322M	LC_NCI_H460	LC_NCI_H522	OV_IGROV1	OV_OVCAR_3	OV_OVCAR_4	OV_OVCAR_5	OV_OVCAR_8	OV_SK_OV_3	OV_NCIADR_RES	PR_PC_3	PR_DU_145	RE_786_0	RE_A498	RE_ACHN	RE_CAKI_1	RE_RXF393	RE_SN12C	RE_TK_10	RE_UO_31
ENERGY METABOLISM	OXYDATIVE PHOSPHORYLATION	Oxidative phosphorylation via NADH-coenzyme Q oxidoreductase (COMPLEX I)	1000	1070.445	5716.719008	1952.01	1548.25	1338.335	10088.5575	1000	7226.3325	2381.525	1486.645	1000	1768.87	2029.795	0	2850.88	1000	5000	1900.985	1683.765	3430.495	1000	1000	1586.395	2717.48	2036.56	1000	7396.0575	4375.343424	3646.715	1000	3288.855	1677.035	1000	1000	2391.335	8695.395	1615.75	1273.86	1712.735	1043.17	1000	1000	1287.585	1049.985	1330.325	1000	1516.295	5000	1817.365	1841.35	2340.38	3960.4	2040.64	5000	6215.351782	2878.315	1234.02	1831.445
ENERGY METABOLISM	OXYDATIVE PHOSPHORYLATION	Oxidative phosphorylation via succinate-coenzyme Q oxidoreductase (COMPLEX II)	1000	1070.445	257.5754902	1952.01	1548.25	1338.335	2711.466411	1000	2138.112807	2301.916171	1486.645	1000	1107.054561	1752.357099	1069.57	1019.106222	1000	1023.273671	1900.985	1683.765	3430.495	1000	1000	994.6811215	1256.277515	2036.56	1000	2671.248382	228.2288619	432.4719962	1000	1926.878141	1677.035	5.623994096	1000	683.1401755	2002.196242	1615.75	1273.86	1712.735	1043.17	1000	1000	730.985166	920.5546699	1330.325	1000	1516.295	2499.346864	268.4551692	1841.35	1253.145317	2644.8308	2040.64	3031.472497	542.8539417	2878.315	1234.02	986.1749041
ENERGY METABOLISM	KREBS CYCLE	Krebs cycle - oxidative decarboxylation of pyruvate	1000	1070.445	632.4818313	1952.01	1548.25	1338.335	10088.5575	1000	7226.3325	2381.525	1486.645	1000	1768.87	2029.795	0	2850.88	1000	4242.832536	1900.985	1683.765	3430.495	1000	1000	1586.395	2717.48	2036.56	1000	7396.0575	4145.866931	3646.715	1000	3288.855	1677.035	1000	1000	2391.335	8007.422488	1615.75	1273.86	1712.735	1043.17	1000	1000	1287.585	1049.985	1330.325	1000	1516.295	5000	1817.365	1841.35	2340.38	3960.4	2040.64	5000	5401.878376	2878.315	1234.02	1831.445
ENERGY METABOLISM	KREBS CYCLE	Krebs cycle - NADH generation	1000	1070.445	1931.605741	1952.01	1548.25	1338.335	3000.044902	1000	5387.13062	2381.525	1486.645	1000	1768.87	2029.795	1069.57	2483.914083	1000	2861.740453	1900.985	1683.765	3430.495	1000	1000	1586.395	2717.48	2036.56	1000	2999.978485	3216.310398	1121.189884	1000	2489.275332	1677.035	1000	1000	2250.370416	2999.421091	1615.75	1273.86	1712.735	1043.17	1000	1000	1287.585	1049.985	1330.325	1000	1516.295	5000	1496.76026	1841.35	2340.38	2950.14839	2040.64	2999.999883	1239.344314	2878.315	1234.02	1831.445
ENERGY METABOLISM	ATP GENERATION	ATP regeneration from glucose (normoxic conditions) - glycolysis + krebs cycle	1000	1070.445	2201.6215	1952.01	1548.25	1338.335	6123.25316	1000	1454.5268	2381.525	1486.645	1000	515.157802	2029.795	1069.57	806.9415802	1000	269.6103349	1900.985	1683.765	3430.495	1000	1000	1586.395	1151.761804	2036.56	1000	4064.166183	736.8573613	419.8810249	1000	3288.855	1677.035	1000	1000	368.3287143	4714.541341	1615.75	1072.532455	1712.735	1043.17	1000	1000	1287.585	1049.985	1330.325	1000	1516.295	5000	338.026662	1841.35	2208.470915	3960.4	2040.64	5000	1955.854442	2878.315	1234.02	1831.445
ENERGY METABOLISM	ATP GENERATION	ATP generation from glucose (hypoxic conditions) - glycolysis	1000	1070.445	20.99485419	1952.01	1548.25	1338.335	2323.759003	1000	2017.645627	2381.525	1486.645	1000	632.2070957	2029.795	1069.57	439.4679722	1000	2258.056073	1900.985	1683.765	3430.495	1000	1000	1586.395	1402.609541	2036.56	1000	2612.837954	111.5999164	108.3936922	1000	1781.71493	1677.035	1000	1000	249.2949906	4929.765773	1615.75	1273.86	1712.735	1043.17	1000	1000	1287.585	1049.985	1330.325	1000	1516.295	5000	155.7250102	1841.35	1423.635325	2229.726063	1223.954636	4372.848485	286.711552	2878.315	1234.02	1831.445
ENERGY METABOLISM	OXIDATIVE PHOSPHORYLATION & ROS DETOXIFICATION	Reactive oxygen species detoxification (H2O2 to H2O)	1000	1070.445	4732.99515	1000	1548.25	1338.335	4633.480625	1000	3000	1000	1486.645	1000	1768.87	2029.795	1069.57	2850.88	1000	4000	1900.985	1683.765	3430.495	1000	1000	1586.395	2717.48	2036.56	1000	5000	2983.511939	3344.073532	1000	3288.855	1677.035	1000	1000	2391.335	5000	1615.75	1273.86	1712.735	1043.17	1000	1000	1287.585	1049.985	1330.325	1000	1516.295	4000	1817.365	1841.35	2340.38	3039.6	2040.64	5000	3085.053641	2878.315	1234.02	1831.445
ENERGY METABOLISM	REDOX METABOLISM	Presence of the thioredoxin system through the thioredoxin reductase activity	1000	1070.445	4590.409271	1952.01	1548.25	1338.335	10088.5575	1000	7226.3325	2381.525	1486.645	1000	1768.87	2029.795	1069.57	2850.88	1000	5000	1900.985	1683.765	3430.495	1000	1000	1586.395	2717.48	2036.56	1000	7396.0575	6706.245	3646.715	1000	3288.855	1677.035	1000	1000	2391.335	8695.395	1615.75	1273.86	1712.735	1043.17	1000	1000	1287.585	1049.985	1330.325	1000	1516.295	5000	1817.365	1841.35	2340.38	3960.4	2040.64	5000	6454.058292	2878.315	1234.02	1831.445
NUCLEOTIDE METABOLISM	IMP SYNTHESIS - PURINE METABOLISM	Inosine monophosphate synthesis (IMP)	1000	1070.445	708.7058447	1952.01	1548.25	1338.335	2762.150737	1000	2544.052025	2381.525	1486.645	336.0705862	599.8738384	2029.795	1069.57	672.8564622	1000	2040.608382	1900.985	1683.765	3430.495	1000	1000	1586.395	1669.59452	2036.56	1000	2593.085821	1988.920899	1177.798393	1000	1574.107079	1677.035	1000	1000	2391.335	3989.689847	1615.75	1273.86	1712.735	1043.17	1000	1000	1287.585	1049.985	1330.325	1000	1516.295	4977.348919	1629.312076	1841.35	2340.38	3619.973307	2040.64	4724.204385	1525.346637	2878.315	1234.02	1831.445
NUCLEOTIDE METABOLISM	UMP SYNTHESIS	Cytidine triphosphate synthesis (CTP)	1000	1070.445	32.63818913	1952.01	1548.25	1338.335	4724.697058	1000	3178.500594	2381.525	1486.645	1000	1768.87	2029.795	1069.57	1175.395841	1000	3494.920818	1900.985	1683.765	3430.495	1000	1000	1586.395	2717.48	2036.56	1000	3974.257979	1702.089304	725.0493037	1000	3288.855	1677.035	1000	1000	1275.51374	8228.544275	1615.75	1273.86	1712.735	1043.17	1000	1000	1287.585	1049.985	1330.325	1000	1516.295	5000	1352.364394	1841.35	2340.38	3806.730251	2040.64	5000	2376.077778	2878.315	1234.02	1831.445
NUCLEOTIDE METABOLISM	IMP SYNTHESIS - PURINE METABOLISM	Guanosine triphosphate synthesis (GTP)	577.8756606	1000	946.0087971	999.9997427	995.6106531	999.9999155	999.9996592	997.0635555	996.4884053	1000	996.3668136	958.979674	677.4360929	998.2945573	994.7770818	954.1229456	998.4011475	604.60994	997.3754208	997.2945094	1000	998.6143278	1000	999.9999247	996.3722581	997.2824024	999.7490436	999.9252878	585.0629859	696.3351823	999.9989128	1000	998.6781745	1000	1000	995.2698819	997.9897398	998.0198024	965.0106673	1000	999.9938826	998.8329515	999.9991261	996.5891146	994.2441309	1000	1000	1000	998.9311616	994.0444898	998.4851285	996.022307	997.7893589	994.2276667	999.9995932	553.0169333	1000	996.8453078	1000
NUCLEOTIDE METABOLISM	UMP SYNTHESIS	Uridine triphosphate synthesis (UTP)	1000	1070.445	32.63818913	1952.01	1548.25	1338.335	4724.697058	1000	3178.500594	2381.525	1486.645	1000	1768.87	2029.795	1069.57	1175.395841	1000	3494.920818	1900.985	1683.765	3430.495	1000	1000	1586.395	2717.48	2036.56	1000	3974.257979	1702.089304	725.0493037	1000	3288.855	1677.035	1000	1000	1275.51374	8228.544275	1615.75	1273.86	1712.735	1043.17	1000	1000	1287.585	1049.985	1330.325	1000	1516.295	5000	1352.364394	1841.35	2340.38	3806.730251	2040.64	5000	2376.077778	2878.315	1234.02	1831.445
NUCLEOTIDE METABOLISM	DEOXYNUCLEOTIDES SYNTHESIS	Deoxyadenosine triphosphate synthesis (dATP)	1000	1070.445	1001.146985	1952.01	1548.25	1338.335	1999.944772	1000	1998.019905	1998.885	1486.645	1000	1477.181666	1998.89108	136.3344575	997.8430497	1000	1181.346194	1900.985	1683.765	2000	1000	1000	1586.395	1997.507341	1998.305148	1000	1999.985023	866.5423993	1081.009684	1000	1999.51	1677.035	1000	1000	1596.855538	1998.907519	1615.75	1224.083603	1712.735	1043.17	1000	1000	1287.585	1049.985	1330.325	1000	1516.295	1999.361214	609.9073593	1841.35	1998.684643	1997.3782	929.7793443	1998.489728	888.3386603	2000	1234.02	1831.445
NUCLEOTIDE METABOLISM	DEOXYNUCLEOTIDES SYNTHESIS	Deoxycytidine triphosphate synthesis (dCTP)	1000	1070.445	32.63818913	1952.01	1548.25	1338.335	4724.697058	1000	3178.500594	2381.525	1486.645	1000	1768.87	2029.795	1069.57	1175.395841	1000	3494.920818	1900.985	1683.765	3430.495	1000	1000	1586.395	2717.48	2036.56	1000	3974.257979	1702.089304	725.0493037	1000	3288.855	1677.035	1000	1000	1275.51374	8228.544275	1615.75	1273.86	1712.735	1043.17	1000	1000	1287.585	1049.985	1330.325	1000	1516.295	5000	1352.364394	1841.35	2340.38	3806.730251	2040.64	5000	2376.077778	2878.315	1234.02	1831.445
NUCLEOTIDE METABOLISM	DEOXYNUCLEOTIDES SYNTHESIS	Deoxyguanosine triphosphate synthesis (dGTP)	540.7972441	1070.445	919.6630948	1952.01	1454.440178	1338.335	1999.944772	1000	1195.560771	1036.767424	1486.645	958.979674	677.4360928	1707.597533	396.0737993	817.7498846	1000	604.60994	1900.985	1683.765	2000	1000	1000	1586.395	1151.367927	1996.921393	1000	1649.574081	533.8712505	561.4726235	1000	1999.51	1677.035	1000	1000	1049.677686	1997.720276	1615.75	929.1280555	1712.735	1043.17	1000	1000	1076.909149	1049.985	1330.325	1000	1516.295	1998.789176	799.4169364	1841.35	1403.925191	997.7893589	1006.963794	1998.489728	353.7360462	2000	1234.02	1831.445
NUCLEOTIDE METABOLISM	DEOXYNUCLEOTIDES SYNTHESIS	Deoxyuridine triphosphate synthesis (dUTP)	1000	1070.445	32.63818913	1952.01	1548.25	1338.335	4724.697058	1000	3178.500594	2381.525	1486.645	1000	1768.87	2029.795	1069.57	1175.395841	1000	3494.920818	1900.985	1683.765	3430.495	1000	1000	1586.395	2717.48	2036.56	1000	3974.257979	1702.089304	725.0493037	1000	3288.855	1677.035	1000	1000	1275.51374	8228.544275	1615.75	1273.86	1712.735	1043.17	1000	1000	1287.585	1049.985	1330.325	1000	1516.295	5000	1352.364394	1841.35	2340.38	3806.730251	2040.64	5000	2376.077778	2878.315	1234.02	1831.445
NUCLEOTIDE METABOLISM	DEOXYNUCLEOTIDES SYNTHESIS	Deoxythymidine triphosphate synthesis (dTTP)	1000	1070.445	32.63818913	1952.01	1548.25	1338.335	4724.697058	1000	3178.500594	2381.525	1486.645	1000	1768.87	2029.795	1069.57	1175.395841	1000	3494.920818	1900.985	1683.765	3430.495	1000	1000	1586.395	2717.48	2036.56	1000	3974.264212	1702.089304	725.0493037	1000	3288.855	1677.035	1000	1000	1275.51374	8228.544275	1615.75	1273.86	1712.735	1043.17	1000	1000	1287.585	1049.985	1330.325	1000	1516.295	5000	1352.364394	1841.35	2340.38	3960.4	2040.64	5000	2376.077778	2878.315	1234.02	1831.445
NUCLEOTIDE METABOLISM	SALVAGE	AMP salvage from adenine	1000	1070.445	2437.656443	1952.01	1548.25	1338.335	6364.186508	1000	5183.025426	2381.525	1486.645	1000	1768.87	2029.795	1069.57	2172.277573	1000	1017.732265	1900.985	1683.765	3430.495	1000	1000	1586.395	2717.48	2036.56	1000	6096.470876	106.7784388	851.5776658	1000	3288.855	1677.035	1000	1000	2391.335	7723.4699	1615.75	1273.86	1712.735	1043.17	1000	1000	1287.585	1049.985	1330.325	1000	1516.295	5000	1817.365	1841.35	2340.38	3960.4	2040.64	5000	2108.324409	2878.315	1234.02	1831.445
NUCLEOTIDE METABOLISM	SALVAGE	IMP salvage from hypoxanthine	0	1070.445	707.6462001	1952.01	1548.25	1338.335	2769.318473	1000	2929.341068	2381.525	1486.645	1000	1244.420589	2029.795	1069.57	1029.85943	1000	1981.02693	1900.985	1683.765	3430.495	1000	1000	1586.395	1885.329192	2036.56	1000	3371.620035	1379.986413	648.5670693	1000	2270.9875	1677.035	1000	1000	2391.335	4987.937517	1615.75	1273.86	1712.735	1043.17	1000	1000	1287.585	1049.985	1330.325	1000	1516.295	4999.833122	1743.83677	1841.35	2340.38	3960.4	2040.64	4214.989266	1229.665646	2878.315	1234.02	1831.445
NUCLEOTIDE METABOLISM	SALVAGE	GMP salvage from guanine	680.9576362	1070.445	987.8635139	1952.01	1548.25	1338.335	2000.024659	1000	2642.449068	2381.525	1486.645	1000	1768.87	2029.795	1069.57	1975.838154	1000	1476.476091	1900.985	1683.765	3000	1000	1000	1586.395	2128.547536	2036.56	1000	1999.740198	1085.73942	218.2024819	1000	2000	1677.035	1000	1000	1995.264193	1997.987322	1615.75	1273.86	1712.735	1043.17	1000	1000	1287.585	1049.985	1330.325	1000	1516.295	2176.535649	1435.331649	1841.35	1995.927523	998.0483122	1994.220724	2499.430867	1203.057539	2878.315	1234.02	1831.445
NUCLEOTIDE METABOLISM	COFACTOR	3'-Phospho-5'-adenylyl sulfate synthesis	679.4846763	1000	3.93462121	1000	1000	1000	1000	978.6998409	1000	1000	1000	1000	1000	1000	172.7089379	958.1255123	1000	1000	1000	1000	1000	1000	1000	1000	1000	1000	1000	1000	611.7195748	92.39078179	1000	1000	1000	1000	1000	526.5158556	1000	1000	1000	1000	1000	1000	1000	408.224959	631.7930451	1000	1000	1000	1000	281.9037575	1000	1000	1000	1000	1000	368.4271072	1000	1000	1000
NUCLEOTIDE METABOLISM	PURINE CATABOLISM	Degradation of adenine to urate	0	0	0	0	0	0	0	0	0	0	1000	0	0	0	0	0	0	0	1000	0	0	0	0	0	0	0	0	0	0	0	0	0	0	0	0	0	0	0	0	1000	0	0	0	0	0	0	0	0	0	0	0	0	0	0	0	0	1000	0	0
NUCLEOTIDE METABOLISM	PURINE CATABOLISM	Degradation of guanine to urate	0	0	0	0	0	0	0	0	0	0	1000	0	0	0	0	0	0	0	1000	0	0	0	0	0	0	0	0	0	0	0	0	0	0	0	0	0	0	0	0	1000	0	0	0	0	0	0	0	0	0	0	0	0	0	0	0	0	1000	0	0
NUCLEOTIDE METABOLISM	PYRIMIDINE CATABOLISM	Degradation of cytosine	1000	1000	15.48382574	1952.01	0	1338.335	860.1451329	1000	3656.487508	2000	1000	1000	631.3844151	2000	0	623.5613159	1000	2000	1000	1000	3000	1000	1000	0	2249.801114	2000	1000	1000	1825.990655	180.8981519	1000	1776.274971	0	0	1000	0	1000	1615.75	1000	1000	0	1000	1000	126.8894538	1049.985	1330.325	1000	1000	5000	0	1000	1000	2000	1000	1000	326.1587511	1999.97	1234.02	1831.445
NUCLEOTIDE METABOLISM	PYRIMIDINE CATABOLISM	Degradation of uracil	1000	1000	15.48382574	1952.01	0	1338.335	860.1451329	1000	3791.817364	2000	1000	1000	631.3844151	2000	546.5801382	623.5613159	1000	2000	1000	1000	3000	1000	1000	0	2249.801114	2000	1000	1000	1825.990655	180.929537	1000	1776.472034	0	0	1000	0	1000	1615.75	1000	1000	0	1000	1000	129.4994792	1049.985	1330.325	1000	1000	5000	0	1000	1000	2000	1000	1000	326.1587511	1999.97	1234.02	1831.445
CARBOHYDRATES METABOLISM	GLUCONEOGENESIS	Gluconeogenesis from pyruvate	1000	1070.445	2117.640133	1952.01	1548.25	1338.335	6092.115282	1000	2863.660111	2381.525	1486.645	1000	1768.87	2029.795	1069.57	2850.88	1000	2810.884528	1900.985	1683.765	3430.495	1000	1000	1586.395	2717.48	2036.56	1000	6002.474796	373.8116858	1592.560466	1000	3007.250172	1677.035	1000	1000	1551.151907	4999.929457	1615.75	1273.86	1712.735	1043.17	1000	1000	1287.585	637.3096958	1330.325	1000	1516.295	5000	1817.365	1841.35	2340.38	3960.4	2040.64	3000.405641	1811.808815	2878.315	1234.02	1831.445
CARBOHYDRATES METABOLISM	GLUCONEOGENESIS	Gluconeogenesis from Lactate	1000	1070.445	2117.640133	1952.01	1548.25	1338.335	6092.115282	1000	2853.672722	2381.525	1486.645	1000	1768.87	2029.795	1069.57	2850.88	1000	2810.884528	1900.985	1683.765	3430.495	1000	1000	1586.395	2717.48	2036.56	1000	6002.474796	373.8116858	1574.650203	1000	3007.250172	1677.035	1000	1000	1519.606627	4999.928577	1615.75	1273.86	1712.735	1043.17	1000	1000	1287.585	637.3096958	1330.325	1000	1516.295	5000	1817.365	1841.35	2340.38	3960.4	2040.64	3000.405641	1810.633043	2878.315	1234.02	1831.445
CARBOHYDRATES METABOLISM	GLUCONEOGENESIS	Gluconeogenesis from Glycerol	1000	1070.445	2094.110663	1952.01	1548.25	1338.335	6092.115282	1000	2761.09778	2381.525	1486.645	1000	1768.87	2029.795	1069.57	2850.88	1000	2810.884528	1900.985	1683.765	3430.495	1000	1000	1586.395	2295.555457	2036.56	1000	6002.474796	373.8116858	1176.560572	1000	3006.068382	1677.035	1000	1000	1046.591931	4999.926305	1615.75	1273.86	1712.735	1043.17	1000	1000	1287.585	621.4479287	1330.325	1000	1516.295	5000	1817.365	1841.35	2340.38	3960.4	2040.64	3000.405641	1288.735575	2878.315	1234.02	1831.445
CARBOHYDRATES METABOLISM	GLUCONEOGENESIS	Gluconeogenesis from Alanine	0	1070.445	2127.631876	1952.01	1548.25	1338.335	6092.115282	1000	2863.660111	2381.525	1486.645	1000	1768.87	2029.795	1069.57	2850.88	1000	2810.884528	1900.985	1683.765	3430.495	1000	1000	1586.395	2717.48	2036.56	1000	6002.474796	373.8116858	1528.368152	1000	3007.125985	1677.035	1000	1000	1530.214714	4999.927612	1615.75	1273.86	1712.735	1043.17	1000	1000	1287.585	644.5873402	1330.325	1000	1516.295	5000	1817.365	1841.35	2340.38	3960.4	2040.64	3000.405641	1673.694514	2878.315	1234.02	1831.445
CARBOHYDRATES METABOLISM	GLUCONEOGENESIS	Gluconeogenesis from Glutamine	1000	1070.445	20.99485419	1952.01	1548.25	1338.335	2332.687572	1000	2050.047659	2381.525	1486.645	1000	779.6185738	2029.795	1069.57	437.0631064	1000	2358.975281	1900.985	1683.765	3430.495	1000	1000	1586.395	1626.835296	2036.56	1000	2539.708318	995.2665433	226.0545582	1000	1767.679551	1677.035	1000	1000	320.3555355	4697.697267	1615.75	1273.86	1712.735	1043.17	1000	1000	1287.585	1049.985	1330.325	1000	1516.295	4999.198747	154.1824709	1841.35	1423.562974	2039.6	1223.954636	3824.092175	272.3263397	2878.315	1234.02	1831.445
CARBOHYDRATES METABOLISM	GLYCOLYSIS-GLUCONEOGENESIS	Ethanol to acetaldehyde	1000	1070.445	2535.531508	1952.01	1548.25	1338.335	4091.278696	1000	4998.019905	2381.525	1486.645	1000	1768.87	2029.795	1069.57	2850.88	1000	4000	1900.985	1683.765	3430.495	1000	1000	1586.395	2717.48	2036.56	1000	4000	4949.292557	3646.715	1000	3288.855	1677.035	1000	1000	2391.335	4998.907519	1615.75	1273.86	1712.735	1043.17	1000	1000	1287.585	1049.985	1330.325	1000	1516.295	4999.361214	1817.365	1841.35	2340.38	3960.4	2040.64	4035.128369	4519.902367	2878.315	1234.02	1831.445
CARBOHYDRATES METABOLISM	PYRUVATE METABOLISM	Glucose to lactate conversion	1000	1070.445	2.903640618	1952.01	1497.455	1338.335	674.205	1000	1653.385	1928.775	1486.645	1000	632.2070958	1993.875	1069.57	420.028732	1000	1522.310548	1900.985	1683.765	893.325	1000	1000	1586.395	1314.21	2036.56	1000	1567.1925	58.72932521	49.83861714	1000	747.385	1677.035	1000	1000	238.3428131	1140.31	1615.75	1273.86	1712.735	1043.17	1000	1000	1287.585	1049.985	1330.325	1000	1516.295	4000	154.1824709	1841.35	1292.156907	39.6	1103.987318	1864.69	268.7502391	1161.8	1234.02	1831.445
CARBOHYDRATES METABOLISM	PYRUVATE METABOLISM	Malate to pyruvate conversion	1000	1070.445	20.99485419	1952.01	1548.25	1338.335	2323.759003	1000	2015.593429	2381.525	1486.645	1000	632.2070957	2029.795	1069.57	437.0631064	1000	2193.245395	1900.985	1683.765	3430.495	1000	1000	1586.395	1392.849091	2036.56	1000	2524.399078	111.5999164	108.3936922	1000	1756.062069	1677.035	1000	1000	249.2949906	4697.301285	1615.75	1273.86	1712.735	1043.17	1000	1000	1287.585	1049.985	1330.325	1000	1516.295	4941.983274	154.1824709	1841.35	1423.562974	2039.6	1223.954636	3824.092175	272.3263397	2878.315	1234.02	1831.445
CARBOHYDRATES METABOLISM	PENTOSE PHOSPHATE PATHWAY	Synthesis of fructose-6-phosphate from erythrose-4-phosphate (HMP shunt)	1000	1070.445	1930.044486	1952.01	1548.25	1338.335	2000	1000	2000	2000	1486.645	1000	1768.87	2000	1069.57	1468.45665	1000	2000	1900.985	1683.765	2000	1000	1000	1586.395	2000	2000	1000	2000	283.1591076	1996.390737	1000	2000	1677.035	1000	1000	2000	2000	1615.75	1273.86	1712.735	1043.17	1000	1000	1287.585	1049.985	1330.325	1000	1516.295	2000	1430.815496	1841.35	2000	2000	2000	2000	2000	2000	1234.02	1831.445
CARBOHYDRATES METABOLISM	PENTOSE PHOSPHATE PATHWAY	Synthesis of ribose-5-phosphate	1000	1070.445	2985.104307	1952.01	1548.25	1338.335	4999.999999	1000	2683.594512	2381.525	1486.645	1000	1114.588274	2029.795	1069.57	1394.695581	1000	1922.415425	1900.985	1683.765	3430.495	1000	1000	1586.395	1831.675095	2036.56	1000	3499.99982	1601.238135	360.8261703	1000	3288.855	1677.035	1000	1000	316.4835634	5132.052219	1615.75	1273.86	1712.735	1043.17	1000	1000	1287.585	1049.985	1330.325	1000	1516.295	4499.997429	399.7085339	1841.35	2340.38	3960.4	2040.64	4999.999999	1078.409458	2878.315	1234.02	1831.445
CARBOHYDRATES METABOLISM	GALACTOSE METABOLISM	Synthesis of lactose	0	0	0	0	0	0	0	0	0	0	0	0	0	0	0	0	0	0	0	0	0	0	0	0	0	0	0	0	0	0	0	0	0	0	0	0	0	0	0	0	0	0	0	0	0	0	500	0	0	0	0	0	0	0	0	0	0	0	0
CARBOHYDRATES METABOLISM	GLYCOGEN METABOLISM	Glycogen biosynthesis	181.7590602	188.2222726	284.7635704	359.2736339	231.6135659	303.4849992	272.8534718	0	182.4667489	181.9964952	4.48E-15	91.64387244	105.6144028	182.521092	188.0880677	145.6401211	181.8014493	283.7829859	-2.58E-15	0	363.6150116	-2.09E-14	272.7272727	181.8122727	347.3237723	364.2289915	181.8799636	91.47000561	92.28172284	-5.25E-15	181.8181714	91.00136364	182.7843893	181.8181818	181.8181796	169.6101892	182.7293441	237.7764005	158.9416805	246.6122713	159.5374828	0	272.7107087	91.70887886	186.3068881	181.796435	5.07E-27	228.7540909	1.17E-14	256.0617645	1.10E-14	182.7705629	273.4313327	183.2234756	272.8841943	285.0961961	181.8081818	182.9099118	181.8291747
CARBOHYDRATES METABOLISM	GLYCOGEN METABOLISM	Glycogen degradation	1000	1070.445	3000.531872	1952.01	1548.25	1338.335	6092.115282	1000	2998.0678	2381.525	1486.645	1000	1768.87	2029.795	1069.57	2850.88	1000	4824.844932	1900.985	1683.765	3430.495	1000	1000	1586.395	2717.48	2036.56	1000	6002.474796	1999.31876	1176.00159	1000	3007.250172	1677.035	1000	1000	2391.335	4999.975253	1615.75	1273.86	1712.735	1043.17	1000	1000	1287.585	1049.985	1330.325	1000	1516.295	5000	1817.365	1841.35	2340.38	3960.4	2040.64	3000.405641	2998.49033	2878.315	1234.02	1831.445
CARBOHYDRATES METABOLISM	FRUCTOSE METABOLISM	Fructose degradation (to glucose-3-phosphate)	1000	1070.445	2629.04397	1952.01	1548.25	1338.335	3124.837982	1000	2490.85544	2381.525	1486.645	1000	1114.588275	2029.795	1069.57	1394.602846	1000	1742.675982	1900.985	1683.765	3430.495	1000	1000	1586.395	1748.991172	2036.56	1000	3105.040064	555.1913769	218.1789843	1000	3288.855	1677.035	1000	1000	316.4449276	4395.032032	1615.75	1273.86	1712.735	1043.17	1000	1000	1287.585	1049.985	1330.325	1000	1516.295	4710.079516	399.536617	1841.35	2340.38	3013.173604	1896.601869	5000	1077.525078	2878.315	1234.02	1831.445
CARBOHYDRATES METABOLISM	FRUCTOSE METABOLISM	Fructose to glucose conversion (via fructose-6-phosphate)	1000	1070.445	2776.828087	1952.01	1548.25	1338.335	6092.115293	1000	2773.832944	2381.525	1486.645	1000	1768.87	2029.795	1069.57	2850.88	1000	3810.884528	1900.985	1683.765	3430.495	0	1000	1586.395	2717.48	2036.56	1000	6093.496518	1373.811686	2176.332698	1000	3288.855	1677.035	1000	1000	1829.392286	5999.923175	1615.75	1273.86	1712.735	1043.17	1000	1000	1287.585	1049.985	1330.325	1000	1516.295	5000	1817.365	1841.35	2340.38	3960.4	2040.64	4000.405641	2278.79811	2878.315	1234.02	1831.445
CARBOHYDRATES METABOLISM	NUCLEOTIDE SUGAR	UDP-glucose synthesis	397.2291858	1000	3.93462121	1952.01	999.4992248	1092.13807	999.9999613	978.6998409	997.7043665	1000	999.5767525	999.6756212	999.619614	999.8036717	37.49197579	652.4725585	999.8159422	269.3510526	1249.722201	999.713637	2000	1000	1000	1000	1539.153777	1001.440017	1000	1000	311.2716688	92.39078179	999.9998849	1000	999.8491946	1000	1000	122.5271506	999.7872237	999.7904057	744.489633	1000	999.9993021	1000	1000	424.6774642	604.0347705	1000	1000	1000	999.8868686	37.65606021	1841.35	999.5441357	999.7936715	241.6585705	999.9999532	368.4271072	1000	999.6417049	999.9999811
CARBOHYDRATES METABOLISM	NUCLEOTIDE SUGAR	UDP-galactose synthesis	397.2291858	999.999999	3.93462121	1952.01	999.4992248	1338.335	999.9999613	978.6998409	997.7043665	1000	999.5767525	999.6756212	999.619614	999.8036717	37.49197578	652.4725585	999.8159422	269.3510526	1900.985	999.713637	2000	1000	1000	1000	1539.153777	1999.712356	1000	1000	311.2716688	92.39078179	999.9998849	1000	999.8491946	1000	1000	122.5271506	999.7872237	999.7904057	744.489633	999.9999842	999.9993021	1000	1000	424.6774642	604.0347706	1000	1000	1000	1999.886869	37.65606021	1841.35	999.5441357	999.7936715	241.6585705	999.9999532	368.4271072	1000	999.6417049	999.9999811
CARBOHYDRATES METABOLISM	NUCLEOTIDE SUGAR	UDP-glucuronate synthesis	397.2291858	1070.445	10.4974271	1952.01	999.4992248	1338.335	999.9999613	1000	997.7043665	2000	999.5767525	1000	999.619614	999.8036717	37.49197579	673.3880472	999.8159422	269.3510526	1900.985	1683.765	2000	999.988577	1000	1000	1923.412711	1999.977597	1000	1000	311.2716688	270.6668421	1000	1999.975	999.8491946	999.9999999	999.9999983	822.3125866	1999.770652	1615.75	744.4896329	1000	999.9993021	999.9903793	1000	424.6774642	1049.985	1330.325	1000	1000	1999.878058	37.75761096	999.9759518	999.5441357	1749.799878	241.6585705	999.9999532	386.7732805	2000	999.6417049	1499.994999
CARBOHYDRATES METABOLISM	FUCOSE METABOLISM	GDP-L-fucose synthesis	687.3641675	1000	3.93462121	1000	1000	1000	1000	1000	1000	1000	1000	1000	1000	1000	191.8988199	959.8054754	1000	1000	1000	1000	1000	1000	1000	1000	1000	1000	1000	1000	1000	195.5739653	0	1000	1000	1000	0	526.5158556	1000	1000	1000	1000	1000	1000	1000	408.2249591	638.2182081	1000	1000	1000	1000	363.1413911	1000	1000	1000	1000	1000	395.1944853	1000	1000	1000
CARBOHYDRATES METABOLISM	MANNOSE METABOLISM	Mannose degradation (to fructose-6-phosphate)	1000	1070.445	2967.746112	1952.01	1548.25	1338.335	5879.208762	1000	2577.908321	2381.525	1486.645	1000	1114.588274	2029.795	1069.57	1394.602846	1000	1767.307191	1900.985	1683.765	3430.495	1000	1000	1586.395	1831.640059	2036.56	1000	4948.7182	555.1913769	218.1789843	1000	3288.855	1677.035	1000	1000	316.4449276	5847.2727	1615.75	1273.86	1712.735	1043.17	1000	1000	1287.585	1049.985	1330.325	1000	1516.295	5000	399.536617	1841.35	2340.38	3920.257923	2040.64	5000	1077.525078	2878.315	1234.02	1831.445
CARBOHYDRATES METABOLISM	MANNOSE METABOLISM	GDP-mannose synthesis	687.3641675	1000	3.93462121	1000	1000	1000	1000	1000	1000	1000	1000	1000	1000	1000	191.8988199	830.0776064	1000	1000	1000	1000	1000	1000	1000	1000	1000	1000	1000	1000	1000	126.157076	1000	1000	1000	1000	1000	289.7230215	1000	1000	1000	1000	1000	1000	1000	408.224959	638.2182081	1000	1000	1000	1000	363.1413911	1000	1000	1000	1000	1000	306.5923042	1000	1000	1000
CARBOHYDRATES METABOLISM	AMINO SUGARS METABOLISM	UDP-N-acetyl D-galactosamine synthesis	0	1070.445	7.86924242	1249.999839	997.2546893	999.9999472	999.9997868	1000	1247.803678	1500	997.7276288	998.0832161	997.9333333	1998.933333	175.8287575	1219.595851	999	996.0933753	1248.358461	998.3078548	1000	999.1333333	1000	1000	997.7310341	998.3002825	1000	1000	797.3338659	382.1471219	1000	1000	999.1732661	1000	1000	997.0415545	998.7426857	998.7614883	996.9333333	1000	999.9961739	999.2700712	1000	445.4252621	631.8948635	1330.325	1000	1000	999.3314965	289.4992891	999.0525258	997.5121577	998.7807861	996.3897025	999.9997455	380.8881287	1000	998.0269023	1000
CARBOHYDRATES METABOLISM	AMINO SUGARS METABOLISM	CMP-N-acetylneuraminate synthesis	498.026016	1000	9.608177053	1000	578.7024419	1000	999.9997868	1000	1000	1000	938.560304	895.4691866	608.9320111	1000	19.73392951	552.7334175	999	0	1000	998.3078548	1000	1000	1000	1000	1340.072997	1000	1000	1000	644.9431805	299.7467261	1000	1000	1000	1000	999.9998652	354.9439335	1000	1000	340.9332588	999.9999144	999.9961739	1000	1000	110.5675197	199.2597071	1000	1000	1000	1000	34.51187984	999.0525258	719.023076	998.7807861	610.9948559	999.9997455	339.9824657	1000	1000	1000
CARBOHYDRATES METABOLISM	AMINO SUGARS METABOLISM	N-Acetylglucosamine synthesis	0	400	1000	1000	1548.25	1338.335	0	1000	1000	1000	1000	0	1000	0	0	1000	1000	1000	1000	1000	2000	0	1000	0.02	1997.731034	1998.300283	1000	999.9533483	1000	1000	1000	2000	1677.035	0.03	0.025000344	1000	1998.742686	1615.75	0	0	500	999.2700712	1000	0	1049.985	0	1000	1000	1999.331497	1000	0	1000	1000	1000	1000	0	400	0	1000
CARBOHYDRATES METABOLISM	PENTOSE AND GLUCURONATE INTERCONVERSION	Glucuronate synthesis (via inositol)	397.2291858	1070.445	39.40097929	1952.01	1499.494704	1338.335	1999.924961	1000	1840.377212	2381.525	999.5767525	1000	0	999.8036717	37.49197581	462.7868066	999.8159422	1269.34462	1900.985	999.9972136	3000	1000	1000	1499.98	1557.969467	2036.56	1000	1499.972657	311.2716688	172.308076	1000	999.975	1499.842833	1000	1000	593.183315	1999.98293	1615.75	744.4896329	999.9999987	1043.17	1000	1000	442.3285235	1049.985	1330.325	1000	1000	3499.876957	35.14797893	999.9759518	999.5441357	1749.799878	1241.652626	999.9999532	460.5481059	1000	1234.02	999.9949998
CARBOHYDRATES METABOLISM	PENTOSE AND GLUCURONATE INTERCONVERSION	Glucuronate synthesis (via udp-glucose)	397.2291857	1070.445	10.4974271	1952.01	1499.494704	1338.335	1999.924961	1000	1400.357675	1963.064839	999.5767525	1000	662.4313716	999.8036717	37.4919758	488.2063342	999.8159422	1269.34462	1900.985	999.9972136	3000	1000	1000	1499.98	1877.706904	2036.56	1000	1499.972657	311.2716688	161.9745399	1000	999.975	1499.842833	1000	1000	598.8834451	1999.98293	1615.75	744.4896329	999.9999987	1043.17	1000	1000	424.6774642	1049.985	1330.325	1000	1000	3499.876957	35.22480427	999.9759518	999.5441357	1749.799878	1241.652626	999.9999532	306.6428488	1000	1234.02	999.9949998
CARBOHYDRATES METABOLISM	KETOGENESIS	Synthesis of acetone	1000	0	0	0	0	0	0	0	0	0	0	0	1513.284606	0	0	0	0	0	0	0	1999.845	0	0	0	2000	0	0	0	0	0	0	0	0	0	0	0	0	0	0	0	0	0	0	0	1049.985	0	0	0	0	0	0	0	0	0	0	0	0	0	0
CARBOHYDRATES METABOLISM	KETOGENESIS	(R)-3-Hydroxybutanoate synthesis	0	0	13.26898027	1952.01	1000	999.99	999.395	999.95	1000	1000	1000	998.37	1000	1000	535.7357488	999.81	1000	0	1900.985	0	999.845	1000	1000	999.985	1000	1000	1000	1000	0	0	1000	-7.97E-14	1677.035	991.575	0	941.1425022	0	1000	1000	999.93	1043.17	1000	1000	999.995	1000	0	1000	1516.295	1000	1000	0	1000	-3.52E-13	0.04	1000	497.6035707	1999.73	0	0
CARBOHYDRATES METABOLISM	PHOSPHATE INOSITOL METABOLISM	Synthesis of inositol	361.1174416	1070.445	3.576928373	1952.01	1464.907298	1338.335	1999.99987	965.386848	1498.496743	2000	1486.645	1000	712.6919457	1999.350588	34.08361437	420.7152787	1000	244.8645933	1593.08833	1683.765	2000	1000	1000	1586.395	1115.786521	1998.965172	1000	1999.971551	282.9742444	148.8660324	1000	2000	1677.035	1000	1000	84.75198166	1999.234518	1615.75	676.8087572	1712.735	1043.17	1000	1000	370.0049899	538.9653193	1330.325	1000	1516.295	1999.592999	31.95270812	1841.35	1155.256075	1999.257714	219.6896096	1999.999845	265.8536512	2000	1234.02	1831.445
CARBOHYDRATES METABOLISM	PHOSPHATE INOSITOL METABOLISM	Inositol as input for glucuronate-xylulose pathway	0	1000	0	0	0	0	1000	1000	1000	0	0	0	0	0	0	0	0	1000	0	0	0	1000	0	0	0	0	0	0	0	0	1000	0	0	0	0	0	1000	0	0	0	0	0	0	0	0	0	0	0	1000	0	0	0	0	1000	0	0	0	0	0
CARBOHYDRATES METABOLISM	PHOSPHATE INOSITOL METABOLISM	Synthesis of phosphatidylinositol from inositol	1000	1070.445	766.9870693	1952.01	1548.25	1338.335	1999.99987	1000	1830.406691	1708.869925	1486.645	1000	1190.484461	1999.350588	1069.57	1371.947829	1000	959.1616495	1900.985	1683.765	2000	1000	1000	1586.395	1998.6186	1998.965172	1000	1999.971551	1057.782982	1091.840407	1000	2000	1677.035	1000	1000	813.2823001	1999.234518	1615.75	1149.44068	1712.735	1043.17	1000	1000	1287.585	1049.985	1330.325	1000	1516.295	1999.592999	915.2950768	1841.35	1757.701271	1999.257714	1997.801966	1999.999845	1293.76789	2000	1234.02	1831.445
CARBOHYDRATES METABOLISM	PHOSPHATE INOSITOL METABOLISM	Conversion of phosphatidyl-1D-myo-inositol to 1D-myo-inositol 1-phosphate	0	0	0	0	0	0	0	0	0	0	0	0	0	0	0	0	0	0	0	0	0	0	0	0	0	0	0	0	0	0	0	0	0	0	0	0	0	0	0	0	0	0	0	0	0	0	0	0	0	0	0	0	0	0	0	0	0	0	0
CARBOHYDRATES METABOLISM	STARCH DEGRADATION	Starch degradation	0	0	0	0	0	0	0	0	0	0	0	0	0	0	0	0	0	0	0	0	0	0	0	0	0	0	0	0	0	0	0	0	0	0	0	0	0	0	0	0	0	0	0	0	0	0	0	0	0	0	0	0	0	0	0	0	0	0	0
CARBOHYDRATES METABOLISM	GLYOXYLATE METABOLISM	Link between glyoxylate metabolism and pentose phosphate pathway (Xylulose to glycolate)	0	1000	0	0	536.6662664	0	1000	1000	1756.798083	0	1000	0	0	0	0	0	0	2000	1000	0	3000	1000	0	0	0	1000	1000	1941.527552	1642.486267	0	1000	598.6266964	0	0	0	0	1000	1615.75	0	0	1000	0	1000	0	383.5669911	750	0	0	1000	0	0	1592.238627	0	2040.64	249.9999969	1313.591287	1000	0	0
CARBOHYDRATES METABOLISM	METHYLGLYOXAL METABOLISM	Synthesis of methylglyoxal	361.1174416	1000	3.576928373	1952.01	1000	1000	1674.205	965.386848	2000	1000	1000	1000	712.6919457	1000	34.08361431	420.7152787	1000	244.8645933	1000	1000	893.325	1000	1000	1000	1779.420548	1000	1000	1000	196.6237703	58.90018389	1000	747.385	1000	1000	1000	84.75198166	2000	1000	676.8087572	1000	1000	1000	1000	370.0049899	527.9664899	1000	1000	1000	1000	31.95270812	1000	1000	39.6	219.6896096	1000	265.8536512	1000	1234.02	1000
AMINO ACIDS METABOLISM	ALANINE METABOLISM	Alanine synthesis	1000	1070.445	15.74614065	1952.01	51.51934593	1338.335	907.01881	1000	1940.088866	2381.525	1486.645	1000	907.6859282	1675.109149	1069.57	651.7424578	1000	1381.295962	1900.985	1683.765	3430.495	1000	1000	1586.395	2717.48	1887.390822	1000	1714.500518	340.9867934	99.07596317	1000	1262.539277	1677.035	1000	1000	507.8541045	2576.480558	1615.75	1273.86	1712.735	958.4729801	1000	1000	1238.389011	1049.985	1330.325	1000	1516.295	3161.629128	173.0813706	1841.35	2277.618341	2023.282368	1223.954636	2508.35121	326.9574867	1989.4625	1234.02	1831.445
AMINO ACIDS METABOLISM	ALANINE METABOLISM	Alanine degradation	0	1070.445	7069.725	1952.01	1548.25	1338.335	10088.5575	1000	7226.3325	2381.525	1486.645	1000	1768.87	2029.795	1069.57	2850.88	1000	5000	1900.985	1683.765	3430.495	1000	1000	1586.395	2717.48	2036.56	1000	7396.0575	5694.080322	3646.715	1000	3288.855	1677.035	1000	1000	2391.335	8695.395	1615.75	1273.86	1712.735	1043.17	1000	1000	1287.585	1049.985	1330.325	1000	1516.295	5000	1817.365	1841.35	2340.38	3960.4	2040.64	5000	8574.1875	2878.315	1234.02	1831.445
AMINO ACIDS METABOLISM	ALANINE METABOLISM	Synthesis of alanine from glutamine	1000	1070.445	392.0945818	1952.01	1548.25	1338.335	1005.392192	1000	2655.735599	2381.525	1486.645	1000	1392.779169	2029.795	1069.57	2427.072945	1000	1929.538566	1900.985	1683.765	3430.495	1000	1000	1586.395	2717.48	2036.56	1000	1714.500518	1780.868336	1751.192787	1000	1965.946087	1677.035	1000	1000	2025.347499	2977.642832	1615.75	1273.86	1712.735	1043.17	1000	1000	1287.585	1049.985	1330.325	1000	1516.295	3983.995531	878.5780072	1841.35	2340.38	2813.970322	1834.420234	3008.919848	1953.497421	1989.4625	1234.02	1831.445
AMINO ACIDS METABOLISM	ARGININE METABOLISM	Arginine synthesis	0	252.2287053	21.29530154	200.8619903	15.40461748	1000.694976	170.4686047	6.804222887	1077.558267	1.079545455	25.285	2.9033612	17.52221886	92.2767568	2.192968186	68.449	994.3959405	5000	23.12607101	1683.765	241.4480491	8.564800069	980.827177	1001.110265	1020.347111	988.1441046	1000	117.681196	246.7992919	5.548664695	1000	1154.140877	194.0366342	12.90320183	985.5353558	1.95965531	61.34740183	2.571781132	23.20487168	0.885640843	969.6506737	1000	975.4748844	992.1135967	18.31263825	139.8873094	1000	1235.917492	4.17891539	228.8866667	1008.074135	3.509837237	1015.797632	18.15156056	182.7872662	4.341744208	4.710271739	26.634	2.86493904
AMINO ACIDS METABOLISM	ARGININE METABOLISM	Arginine degradation	0	1070.445	4283.012224	1952.01	1548.25	1338.335	10088.5575	1000	7226.3325	2381.525	1486.645	1000	1768.87	2029.795	1069.57	2850.88	1000	5000	1900.985	1683.765	3430.495	1000	1000	1586.395	2717.48	2036.56	1000	7396.0575	4260.611431	2528.829013	1000	3288.855	1677.035	1000	1000	2391.335	8695.395	1615.75	1273.86	1712.735	1043.17	1000	1000	1287.585	1049.985	1330.325	1000	1516.295	5000	1817.365	1841.35	2340.38	3960.4	2040.64	5000	8574.1875	2878.315	1234.02	1831.445
AMINO ACIDS METABOLISM	ARGININE METABOLISM	Synthesis of arginine from glutamine	1000	252.2287052	21.29530154	210.0420775	15.40461748	1000.694976	166.8813596	6.804222887	1077.558267	1.079545455	25.285	2.9033612	17.52221886	92.2767568	0	68.449	992.4953937	5000	23.12607101	1683.765	240.6362023	8.564800069	980.827177	1001.110265	1020.347111	988.1441046	1000	117.681196	282.1901433	5.548664695	1000	1155.860156	194.0366342	12.90303529	985.5353558	1.95965531	61.34740183	2.571781132	23.20487168	0.885640843	969.6506524	1000	975.4748844	992.1135803	18.31263825	144.7119555	1000	1235.919743	4.17891539	228.8866667	1008.074135	3.509837237	1015.797632	18.15156056	183.5761893	4.341744208	4.710271739	26.634	2.86493904
AMINO ACIDS METABOLISM	ARGININE METABOLISM	Synthesis of nitric oxide from arginine	501.6829955	0	33.92364577	1000	51.51419962	1000	978.8670269	542.6789446	1000	1000	0	999.4654848	379.7825295	1000	176.205271	0	1000	0	1000	1000	1000	1000	875.1325	1586.395	1000	1000	1000	0	0	-1.71E-13	1000	-1.54E-13	0	999.605	0	0	1000	1000	938.2282595	1000	949.4607761	1000	886.5001737	448.3647711	484.7439516	0	1000	999.395	1000	0	0	0	0	0	0	0	1000	0	1000.035
AMINO ACIDS METABOLISM	ASPARTATE METABOLISM	Synthesis of aspartate from glutamine	1000	1070.445	23.60772726	1952.01	1548.25	1338.335	1027.954651	1000	2617.19773	2021.595704	1486.645	1000	1763.813437	2029.795	1069.57	2001.289819	1000	2126.929427	1900.985	1683.765	3430.495	1000	1000	1586.395	1982.553127	2036.56	1000	3025.78013	1741.705946	579.7866685	1000	2014.390129	1677.035	1000	1000	1589.189752	2000.707139	1615.75	1273.86	1712.735	1043.17	1000	1000	1287.585	1049.985	1330.325	1000	1516.295	2492.947574	878.5780072	1841.35	2340.38	1990.611263	2022.272179	2074.732667	2155.964531	2878.315	1234.02	1014.122089
AMINO ACIDS METABOLISM	ARGININE METABOLISM	Synthesis of creatine from arginine	1000	1011.915	1029.055	1021.6	1011.705	1338.335	1061.295	1000	2000	1019.55	1017.985	1000	1024.6	1026.49	1014.35	1023.51	1000	1012.985	0	1014.955	1034.77	1000	1000	1011.12	1030.795	2000	1000	1032.485	1046.775	1044.535	1000	1034.47	1019.86	1000	1000	1019.93	1029.045	1018.69	1012.54	1015.915	1013.105	0	1000	1013.635	1014.865	1008.07	1000	1014.29	1013.53	1032.935	1841.35	1018.41	1028.91	1031.26	1994.071211	1028.755	1014.465	1010.725	1014.685
AMINO ACIDS METABOLISM	ASPARAGINE METABOLISM	Asparagine synthesis	985.6315366	61.38980092	978.3922492	178.3645128	1.001563307	17.5159218	26.61253078	985.3364268	7.061676202	1.875	981.8571426	2.553811705	1.048065987	73.45353838	990.1280818	968.4797692	3.261720884	2.023655533	986.8937727	1.604729447	182.8969812	0.190439504	207.260717	989.9927365	0.984330282	0.007420133	2.208055353	54.50929417	966.274706	4.276988307	1000	93.94065444	11.11081158	2.090756845	18.89853041	985.3679567	6.306466386	0.831051142	21.12182189	0.599896344	1.494488442	1.672169624	0.238014621	1.391132173	4.572903289	12.20557164	4.35	181.5819767	0.37460594	0.033756682	0.075263656	985.6949058	1.640664375	26.25022972	25.20590259	980.4314845	6.179402174	3.776704971	1.940590784
AMINO ACIDS METABOLISM	ASPARAGINE METABOLISM	Asparagine degradation	1000	1070.445	4283.012224	1952.01	1548.25	1338.335	10088.5575	1000	7226.3325	2381.525	1486.645	1000	1768.87	2029.795	1069.57	2850.88	1000	5000	1900.985	1683.765	3430.495	1000	1000	1586.395	2717.48	2036.56	1000	7396.0575	4260.611431	2565.735053	1000	3288.855	1677.035	1000	1000	2391.335	8695.395	1615.75	1273.86	1712.735	1043.17	1000	1000	1287.585	1049.985	1330.325	1000	1516.295	5000	1817.365	1841.35	2340.38	3960.4	2040.64	5000	8574.1875	2878.315	1234.02	1831.445
AMINO ACIDS METABOLISM	ASPARTATE METABOLISM	Aspartate synthesis	0	1000	62.98456258	1000	1548.25	1000	1000	1000	1942.433012	1000	1000	1000	1000	1000	1000	1000	1000	1000	1000	1000	2000	1000	1000	1000	1000	1978.909124	1000	1627.685035	1174.229542	533.5957002	1000	1000	1000	1000	1000	1000	1000	1615.75	1000	1000	1000	1000	1000	1000	931.423355	1330.325	1000	1000	1499.992307	291.8403381	1000	1560.071547	1000	999.7500563	1000	1043.492431	2000	1000	1000
AMINO ACIDS METABOLISM	ASPARTATE METABOLISM	Aspartate degradation	1000	1070.445	6248.320672	1952.01	1548.25	1338.335	10088.5575	1000	7226.3325	2381.525	1486.645	1000	1768.87	2029.795	1069.57	2850.88	1000	5000	1900.985	1683.765	3430.495	1000	1000	1586.395	2717.48	2036.56	1000	7396.0575	4302.651766	3023.136048	1000	3288.855	1677.035	1000	1000	2391.335	8695.395	1615.75	1273.86	1712.735	1043.17	1000	1000	1287.585	1049.985	1330.325	1000	1516.295	5000	1817.365	1841.35	2340.38	3960.4	2040.64	5000	8574.1875	2878.315	1234.02	1831.445
AMINO ACIDS METABOLISM	ASPARTATE METABOLISM	Conversion of aspartate to arginine	1000	252.2290998	21.29530154	201.2642444	15.40461748	1000.694976	165.8892342	6.804222887	1077.558267	1.079545455	25.285	2.9033612	17.52221886	92.2767568	1.195916293	68.449	992.4953937	5000	23.12607101	1683.765	240.6362023	8.564800069	980.827177	1001.110265	1020.347111	988.1441046	1000	117.681196	246.7992919	5.548664695	1000	1153.476441	194.0366342	12.90303529	985.5353558	1.95965531	61.34740183	2.571781132	23.20487168	0.885640843	969.6506524	1000	975.4748844	992.1135803	18.31263321	139.3670995	1000	1202.206595	4.17891539	228.8866667	1008.074135	3.509837237	1015.797632	18.15156056	182.7872661	4.341744208	4.710271739	26.634	2.86493904
AMINO ACIDS METABOLISM	ASPARTATE METABOLISM	Conversion of aspartate to beta-alanine	1000	1000	15.48624157	1952.01	0	1338.335	1000	1000	3766.406247	2000	1000	1000	782.3940221	2000	546.5251382	651.641995	1000	2000	1000	1000	3000	1000	1000	0	2280.252553	2000	1000	1000	207.7281131	112.8558747	1000	1957.225	0	0	1000	0	1000	1615.75	1000	1000	0	1000	1000	126.8894538	1049.985	1330.325	1000	1000	5000	0	1000	1000	2000	1000	1000	356.9470582	1999.97	1234.02	1831.445
AMINO ACIDS METABOLISM	ASPARTATE METABOLISM	Conversion of asparate to asparagine	985.3622491	61.805206	978.3862272	192.6697049	1.01045399	18.5069738	26.61253078	985.3364268	7.08104925	1.875	981.8571426	1.574743457	1.559878893	86.11333392	990.1280818	968.4796601	1.680943843	2.268802416	986.8937727	1.604729447	182.0802358	0.190439504	210.0659378	989.9926791	0.984330282	0.007420133	1.101310224	54.50631064	966.6376225	4.276988307	1000	95.0270587	11.29347222	2.090697068	20.32175963	985.3679567	6.306466386	0.831051142	22.23809776	0.599896344	1.700974854	1.672169624	0.238014621	1.391132173	4.59294177	12.20557164	4.35	201.8165953	0.37460594	0.052111596	0.075263656	985.6949058	1.640664375	26.25022972	25.20590259	980.4314845	6.179402174	3.799968666	1.940590784
AMINO ACIDS METABOLISM	BETA-ALANINE METABOLISM	beta-Alanine synthesis	1000	1000	26.19141228	1952.01	0	1338.335	860.1451329	1000	3641.841431	2000	1000	1000	631.3844151	2000	546.5251381	632.3324587	1000	2000	1000	1000	3000	1000	1000	0	2248.615278	2000	1000	1000	193.5510579	99.07596317	1000	1776.274971	0	0	1000	0	1000	1615.75	1000	1000	0	1000	1000	126.8894538	1049.985	1330.325	1000	1000	5000	0	1000	1000	2000	1000	1000	343.4979484	1999.97	1234.02	1831.445
AMINO ACIDS METABOLISM	BETA-ALANINE METABOLISM	beta-Alanine degradation	1000	1070.445	4283.012224	1952.01	1548.25	1338.335	10088.5575	1000	7226.3325	2381.525	1486.645	1000	1768.87	2029.795	0	2850.88	1000	5000	1900.985	1683.765	3430.495	1000	1000	1586.395	2717.48	2036.56	1000	7396.0575	4260.611431	2528.829013	1000	3288.855	1677.035	1000	1000	2391.335	8695.395	1615.75	1273.86	1712.735	1043.17	1000	1000	1287.585	1049.985	1330.325	1000	1516.295	5000	1817.365	1841.35	2340.38	3960.4	2040.64	5000	8574.1875	2878.315	1234.02	1831.445
AMINO ACIDS METABOLISM	BETA-ALANINE METABOLISM	Beta-alanine to 3-oxopropanoate	1000	1000	0	0	1548.25	1338.335	0	644.4232292	1818.265762	2000	1000	1000	336.3860206	2000	1037.692019	0	1000	0	1900.985	0	2000	1000	1000	505.0016618	743.7005936	2000	1000	2000	456.4577239	78.07327974	0	1976.735804	1677.035	5.623994096	0	158.3896751	1000	1615.75	1273.86	1712.735	732.4904095	1000	1000	1000	1049.985	1330.325	1000	1000	2000	38.61350358	1000	1963.63459	1000	889.5936885	1000	332.9906442	1000	1234.02	1009.315961
AMINO ACIDS METABOLISM	CYSTEINE METABOLISM	Cysteine synthesis (need serine and methionine)	1000	1070.445	983.3522882	1952.01	1548.25	1338.335	4003.905964	1000	3991.874015	2381.525	1486.645	1000	1768.87	2029.795	1069.57	2850.88	1000	5000	1900.985	1683.765	3430.495	996.756808	1000	1586.395	2717.48	2036.56	1000	3981.426273	4983.773714	3436.333553	1000	2143.8319	1677.035	1000	1000	2391.335	4994.665623	1615.75	1273.86	1712.735	1043.17	1000	1000	1287.585	1049.985	1330.325	1000	1516.295	4996.178975	1817.365	1841.35	1994.102304	3960.4	2040.64	5000	2989.313663	2878.315	1234.02	1831.445
AMINO ACIDS METABOLISM	CYSTEINE METABOLISM	Cysteine degradation	1000	1070.445	4283.012224	1952.01	1548.25	1338.335	10088.5575	1000	7226.3325	2381.525	1486.645	1000	1768.87	2029.795	1069.57	2850.88	1000	5000	1900.985	1683.765	3430.495	1000	1000	1586.395	2717.48	2036.56	1000	7396.0575	4260.611431	2528.829013	1000	3288.855	1677.035	1000	1000	2391.335	8695.395	1615.75	1273.86	1712.735	1043.17	1000	1000	1287.585	1049.985	1330.325	1000	1516.295	5000	1817.365	1841.35	2340.38	3960.4	2040.64	5000	8574.1875	2878.315	1234.02	1831.445
AMINO ACIDS METABOLISM	CYSTEINE METABOLISM	Synthesis of cysteine from cystine	1000	1070.445	313.3665619	1952.01	1548.25	1338.335	4801.980925	1000	4992.638504	2381.525	1486.645	1000	1768.87	2029.795	1069.57	2850.88	1000	4572.565576	1900.985	1683.765	3430.495	1000	1000	1586.395	2717.48	2036.56	1000	5726.041364	3253.818802	3646.715	1000	2112.482214	1677.035	1000	1000	2391.335	4995.103265	1615.75	1273.86	1712.735	1043.17	1000	1000	1287.585	1049.985	1330.325	1000	1516.295	5000	1817.365	1841.35	2340.38	3960.4	2040.64	5000	3011.178842	2878.315	1234.02	1831.445
AMINO ACIDS METABOLISM	CYSTEINE METABOLISM	Synthesis of taurine from cysteine	289.1535612	1000	7.54E-14	1000.165	1349.277033	1338.335	1000	1000	2001.015	0.05	1.75E-13	1000	1768.87	0	34.08361436	1651.641995	1000	65.07591908	1900.985	1000	2002.33	-5.30E-14	1000	1000.335	1001.545	2000.555	1000	1000	2000	1037.985297	0.00028	1000	3.89E-13	1000	1000	1000	1.94E-13	1615.75	1000	4.59E-14	-3.60E-13	1000	1000	1287.585	1000.12	1000	1000	-1.08E-28	2000.76	1012.223436	1000	2000	0	1000	-6.13E-16	1326.095838	2000	1000	-1.06E-13
AMINO ACIDS METABOLISM	GLUTAMATE METABOLISM	Glutamate synthesis	1000	1070.445	83.15022261	1952.01	51.52104005	1338.335	2692.337884	1000	2852.780201	2381.525	1486.645	1000	1768.87	1647.757993	1069.57	961.3482589	1000	3104.051399	1900.985	1683.765	3430.495	1000	1000	1586.395	2717.48	2036.56	1000	1839.375104	938.462119	519.8966729	1000	2514.783222	1677.035	1000	1000	1353.966934	6057.597855	1615.75	1273.86	1712.735	958.5836924	1000	1000	1287.585	1049.985	1330.325	1000	1516.295	3112.999054	173.0813706	1793.969975	2340.38	2775.971078	2040.64	3716.15662	2159.567554	2319.473315	1234.02	1831.445
AMINO ACIDS METABOLISM	GLUTAMATE METABOLISM	Glutamate degradation	0	1070.445	4852.559305	1952.01	1548.25	1338.335	10088.5575	1000	7226.3325	2381.525	1486.645	1000	1768.87	2029.795	1069.57	2850.88	1000	5000	1900.985	1683.765	3430.495	1000	1000	1586.395	2717.48	2036.56	1000	7396.0575	4287.63736	2528.829013	1000	3288.855	1677.035	1000	1000	2391.335	8695.395	1615.75	1273.86	1712.735	1043.17	1000	1000	1287.585	1049.985	1330.325	1000	1516.295	5000	1817.365	1841.35	2340.38	3960.4	2040.64	5000	8574.1875	2878.315	1234.02	1831.445
AMINO ACIDS METABOLISM	GLUTAMATE METABOLISM	Conversion of glutamate to glutamine	1000	1070.445	712.7849857	1515.372731	1179.616833	1259.298178	2538.236449	1000	1892.142667	1568.991515	1247.951598	196.5576109	1355.48687	1413.116632	236.3738996	1034.963188	1000	451.7987402	1169.899169	1683.765	1628.927625	1000	1000	1161.526324	438.9890741	1236.786733	1000	2105.378871	658.3321925	809.9713886	1000	646.1674018	1328.940169	1000	1000	1062.703529	598.8377264	1416.330697	829.8321883	1353.924235	1043.17	1000	1000	648.5793248	703.2983312	1179.297002	122.855	1516.295	177.6335967	485.0832902	1353.125174	439.3697069	869.4170377	675.6222531	499.4313627	1377.732105	1350.392663	1234.02	1355.607992
AMINO ACIDS METABOLISM	GLUTAMATE METABOLISM	Conversion of glutamate to proline	0	1000	1000	1000	977.4440851	1000	1000	974.0194154	971.278485	996.665	1000	1000	972.9022609	1000	1000	800.4601957	1000	984.2385189	982.4779167	1000	1000	1000	1000	991.2453894	1000	1000	1000	954.7148714	936.6421136	1000	1000	1000	1000	995.016934	1000	1000	978.4953828	1000	1000	1000	1000	965.6823959	1000	1000	1000	1000	1000	1000	991.6189829	1000	1000	1000	1000	1000	1000	1000	1000	990.6098795	993.7526166
AMINO ACIDS METABOLISM	GLUTAMATE METABOLISM	Conversion of GABA into succinate	1000	1070.445	1680.038066	1952.01	1548.25	1338.335	3133.909837	1000	6258.209921	2381.525	1486.645	1000	1768.87	2029.795	1069.57	1088.650089	1000	3093.709854	1900.985	1683.765	3430.495	1000	1000	1586.395	2717.48	2036.56	1000	5722.945197	2901.410198	1921.64795	1000	3288.855	1677.035	1000	1000	2391.335	2978.576206	1615.75	1273.86	1712.735	1043.17	1000	1000	1287.585	1049.985	1330.325	1000	1516.295	5000	1817.365	1841.35	2340.38	2990.355697	2040.64	2073.572236	2101.968932	2878.315	1234.02	1831.445
AMINO ACIDS METABOLISM	GLUTAMINE METABOLISM	Glutamine synthesis	1000	1070.445	712.7686164	1500.716904	51.52104005	1259.309465	2538.236449	1000	1892.142667	1568.991515	1247.951598	196.8122088	1355.468708	1389.019236	268.3233048	1051.918952	1000	451.7987402	1169.899169	1683.765	1627.94799	1000	1000	1161.526324	438.9890741	1236.786733	1000	1839.375104	658.3321925	567.7055806	1000	646.1674018	1328.495676	1000	1000	1083.329922	598.8377264	1416.330697	829.8321883	1353.92434	951.351227	1000	1000	648.5793248	703.2985424	1179.297002	122.855	1516.295	177.6335967	173.0813706	1353.125174	439.3697069	869.4170377	675.6222531	499.4313627	1383.797116	1350.392663	1234.02	1355.608129
AMINO ACIDS METABOLISM	GLUTAMINE METABOLISM	Glutamine degradation	0	1070.445	4283.012224	1952.01	1548.25	1338.335	10088.5575	1000	7226.3325	2381.525	1486.645	1000	1768.87	2029.795	1069.57	2850.88	1000	5000	1900.985	1683.765	3430.495	1000	1000	1586.395	2717.48	2036.56	1000	7396.0575	4260.611431	2528.829013	1000	3288.855	1677.035	1000	1000	2391.335	8695.395	1615.75	1273.86	1712.735	1043.17	1000	1000	1287.585	1049.985	1330.325	1000	1516.295	5000	1817.365	1841.35	2340.38	3960.4	2040.64	5000	8574.1875	2878.315	1234.02	1831.445
AMINO ACIDS METABOLISM	GLUTAMINE METABOLISM	Glutaminolysis (glutamine to lactate)	1000	1000	20.99485419	1952.01	1000	1338.335	1674.205	1000	1653.385	1928.775	1486.645	1000	779.6185738	1993.875	1069.57	420.028732	1000	1976.083438	1900.985	1683.765	893.325	1000	1000	1586.395	1314.21	2000	1000	1567.1925	861.9215201	103.3370111	1000	747.385	1677.035	1000	1000	320.3555355	2140.31	1615.75	1273.86	1712.735	1043.17	1000	1000	1287.585	1049.985	1330.325	1000	1516.295	2000	154.1824709	1841.35	1292.156907	39.6	1103.987318	1864.69	268.7502391	1161.8	1234.02	1831.445
AMINO ACIDS METABOLISM	GLUTATHIONE METABOLISM	Glutathionate synthesis	1000	1070.445	1000.348557	1952.01	1548.25	1338.335	1999.999926	1000	1999.235511	2000	1486.645	1000	1355.626614	1999.628718	1015.904756	1213.984698	1000	1121.072491	1900.985	1683.765	2000	999.6983333	1000	1586.395	1596.695496	1999.408368	1000	999.9837348	141.4871222	264.0064126	1000	2000	1677.035	1000	1000	1313.445061	1999.562358	1615.75	1273.86	1712.735	1043.17	1000	1000	1211.743141	1049.985	1330.325	1000	1516.295	1999.767309	1195.296635	1841.35	1584.673095	1999.57562	1108.588144	1999.999911	1113.50746	2000	1234.02	1831.445
AMINO ACIDS METABOLISM	GLYCINE METABOLISM	Glycine synthesis	1000	1070.445	2162.679791	1952.01	990.329811	1338.335	2626.363729	1000	2925.518227	2015.356667	1486.645	1000	1444.303301	2011.522099	1069.57	2508.340576	1000	1042.404923	1900.985	1683.765	3430.495	1000	1000	1586.395	2717.48	2036.56	1000	2897.19943	3286.955177	381.5863933	1000	2863.71627	1009.516368	1000	1000	204.1337552	3932.907539	1615.75	1273.86	1712.735	1043.17	1000	1000	430.371109	1049.985	1330.325	1000	1516.295	2476.433552	58.33822468	1841.35	2340.38	2007.514403	1816.446898	2047.261287	1738.093479	1031.967826	1234.02	1831.445
AMINO ACIDS METABOLISM	GLYCINE METABOLISM	Glycine degradation	1000	1070.445	5198.571159	1952.01	1548.25	1338.335	10088.5575	1000	7226.3325	2381.525	1486.645	1000	1768.87	2029.795	1069.57	2850.88	1000	5000	1900.985	1683.765	3430.495	1000	1000	1586.395	2717.48	2036.56	1000	7396.0575	5315.200711	3646.715	1000	3288.855	1677.035	1000	1000	2391.335	8695.395	1615.75	1273.86	1712.735	1043.17	1000	1000	1287.585	1049.985	1330.325	1000	1516.295	5000	1817.365	1841.35	2340.38	3960.4	2040.64	5000	8574.1875	2878.315	1234.02	1831.445
AMINO ACIDS METABOLISM	GLYCINE METABOLISM	Conversion of glycine to pyruvate	1000	1070.445	7.86924242	1952.01	1548.25	1338.335	2351.791377	1000	2023.302759	2381.525	1486.645	1000	638.6754747	2029.795	1069.57	420.028732	1000	2393.169247	1900.985	1683.765	3430.495	1000	1000	1586.395	1431.89721	2036.56	1000	2612.821894	1171.92125	969.7559026	1000	1761.38814	1677.035	1000	1000	1326.763657	4929.731291	1615.75	1273.86	1712.735	1043.17	1000	1000	1287.585	1049.985	1330.325	1000	1516.295	5000	450.2067384	1841.35	1452.633976	2856.138841	1223.954636	4372.848485	272.3263397	2878.315	1234.02	1831.445
AMINO ACIDS METABOLISM	HISTIDINE METABOLISM	Histidine degradation	1000	1070.445	4283.012224	1952.01	1548.25	1338.335	10088.5575	1000	7226.3325	2381.525	1486.645	1000	1768.87	2029.795	1069.57	2850.88	1000	5000	1900.985	1683.765	3430.495	1000	1000	1586.395	2717.48	2036.56	1000	7396.0575	4260.611431	2528.829013	1000	3288.855	1677.035	1000	1000	2391.335	8695.395	1615.75	1273.86	1712.735	1043.17	1000	1000	1287.585	1049.985	1330.325	1000	1516.295	5000	1817.365	1841.35	2340.38	3960.4	2040.64	5000	8574.1875	2878.315	1234.02	1831.445
AMINO ACIDS METABOLISM	HISTIDINE METABOLISM	Conversion of histidine to histamine	0	0	0	1000	0	1000	0	991.0255504	989.4549874	1000	0	994.8642982	780.034522	0	0	651.641995	1000	0	991.9786825	0	1000	0	1000	997.1612928	988.9127866	993.8980084	1000	0	0	0	0	0	0	997.7194015	0	0	0	994.495158	0	0	0	996.4332316	985.59837	0	1000	0	1000	0	995.6303293	0	0	0	0	0	0	0	0	1000	0
AMINO ACIDS METABOLISM	HOMOCYSTEINE METABOLISM	Homocysteine synthesis (need methionine)	389.1055376	1000	5.246161613	1000	1000	1000	999.8549996	0.263574579	2.81864681	11.16555556	989.0037845	1000	5.903819185	71.97846722	149.3501691	993.5958563	10.26835386	999.98	997.2867376	1000	1000	0.43379352	828.8585743	1.966308411	309.1000889	1.017173791	1000	1.349786378	1.548189223	834.6877607	1000	1000	14.07876452	6.499478827	999.9999991	999.9999999	1000	4.246163928	1000	1014.53283	1000	1000	773.0003474	160.0009303	999.975	12.12215342	1000	1000	1000	7.518890798	3.372203608	1.87835783	6.02717789	266.9184716	16.50910189	183.4299474	1000	6.733806123	1000
AMINO ACIDS METABOLISM	HOMOCYSTEINE METABOLISM	Homocysteine degradation	0	1070.445	1089.742862	1952.01	1548.25	1338.335	4003.905964	1000	4972.711244	2381.525	1486.645	1000	1768.87	2029.795	0	2850.88	1000	5000	1900.985	1683.765	3430.495	1000	1000	1586.395	2717.48	2036.56	1000	4980.293245	5166.200451	3414.052322	1000	2163.938393	1677.035	1000	1000	2391.335	4994.665623	1615.75	1273.86	1712.735	1043.17	1000	1000	1287.585	1049.985	1330.325	1000	1516.295	4996.178975	1817.365	1841.35	2340.38	3960.4	2040.64	5000	2989.313663	2878.315	1234.02	1831.445
AMINO ACIDS METABOLISM	ISOLEUCINE METABOLISM	Isoleucine degradation	1000	1070.445	4283.012224	1952.01	1548.25	1338.335	10088.5575	1000	7226.3325	2381.525	1486.645	1000	1768.87	2029.795	1069.57	2850.88	1000	5000	1900.985	1683.765	3430.495	1000	1000	1586.395	2717.48	2036.56	1000	7396.0575	4260.611431	2528.829013	1000	3288.855	1677.035	1000	1000	2391.335	8695.395	1615.75	1273.86	1712.735	1043.17	1000	1000	1287.585	1049.985	1330.325	1000	1516.295	5000	1817.365	1841.35	2340.38	3960.4	2040.64	5000	8574.1875	2878.315	1234.02	1831.445
AMINO ACIDS METABOLISM	LEUCINE METABOLISM	Leucine degradation	1000	1070.445	4283.012224	1952.01	1548.25	1338.335	10088.5575	1000	7226.3325	2381.525	1486.645	1000	1768.87	2029.795	1069.57	2850.88	1000	5000	1900.985	1683.765	3430.495	1000	1000	1586.395	2717.48	2036.56	1000	7396.0575	4260.611431	2528.829013	1000	3288.855	1677.035	1000	1000	2391.335	8695.395	1615.75	1273.86	1712.735	1043.17	1000	1000	1287.585	1049.985	1330.325	1000	1516.295	5000	1817.365	1841.35	2340.38	3960.4	2040.64	5000	8574.1875	2878.315	1234.02	1831.445
AMINO ACIDS METABOLISM	LEUCINE METABOLISM	Conversion of leucine to acetyl-coA	1000	1070.445	371.1458307	1952.01	1548.25	1338.335	10088.5575	1000	7226.3325	2381.525	1486.645	1000	1768.87	2029.795	1069.57	2850.88	1000	4938.58761	1900.985	1683.765	3430.495	1000	1000	1586.395	2717.48	2036.56	1000	7102.291302	6247.057037	3646.715	1000	3288.855	1677.035	1000	1000	2391.335	7987.976645	1615.75	1273.86	1712.735	1043.17	1000	1000	1287.585	1049.985	1330.325	1000	1516.295	5000	1817.365	1841.35	2340.38	3960.4	2040.64	5000	3028.879166	2878.315	1234.02	1831.445
AMINO ACIDS METABOLISM	LYSINE METABOLISM	Lysine degradation	1000	1070.445	4283.012224	1952.01	1548.25	1338.335	10088.5575	1000	7226.3325	2381.525	1486.645	1000	1768.87	2029.795	1069.57	2850.88	1000	5000	1900.985	1683.765	3430.495	1000	1000	1586.395	2717.48	2036.56	1000	7396.0575	4260.611431	2528.829013	1000	3288.855	1677.035	1000	1000	2391.335	8695.395	1615.75	1273.86	1712.735	1043.17	1000	1000	1287.585	1049.985	1330.325	1000	1516.295	5000	1817.365	1841.35	2340.38	3960.4	2040.64	5000	8574.1875	2878.315	1234.02	1831.445
AMINO ACIDS METABOLISM	LYSINE METABOLISM	Conversion of lysine to L-Saccharopine	0	1070.445	13.71775385	0	0	818.298986	1000	5.063879085	14.56137606	20.52351871	1000	0	0	0	1.082763486	0	0	0	974.8520779	0	0	986.7229093	0	0	965.2400771	999.4630269	1000	748.3010351	37.24331705	1035.331048	0	201.8358208	1022.940092	0	0	3.979396386	0	11.71554149	0	0	1000	1000	0	0	0	0	1000	0	1000	0	1000	5.104114493	0	8.449242678	0	0	989.1782609	0	37.26384344
AMINO ACIDS METABOLISM	LYSINE METABOLISM	Conversion of lysine to L-2-Aminoadipate	0	0	0	0	0	0	0	0	0	0	1486.645	0	0	0	0	0	0	0	0	0	-6.09E-14	1000	0	0	0	0	0	0	0	0	999.999999	0	0	0	0	0	0	0	0	1000.02	0	1000	0	0	0	1000.015	1000	0	1000	0	1000	0	0	0	0	0	0	0	0
AMINO ACIDS METABOLISM	METHIONINE METABOLISM	Methionine degradation	1000	1070.445	1353.122	1952.01	1548.25	1338.335	4003.905964	1000	3992.870807	2381.525	1486.645	1000	1768.87	2029.795	1069.57	2850.88	1000	5000	1900.985	1683.765	3430.495	996.756808	1000	1586.395	2717.48	2036.56	1000	3981.426273	4983.773714	3375.243334	1000	2163.938393	1677.035	1000	1000	2391.335	4994.665623	1615.75	1273.86	1712.735	1043.17	1000	1000	1287.585	1049.985	1330.325	1000	1516.295	4996.178975	1817.365	1841.35	1994.102304	3960.4	2040.64	5000	2989.313663	2878.315	1234.02	1831.445
AMINO ACIDS METABOLISM	METHIONINE METABOLISM	S-adenosyl-L-methionine synthesis	324.2655411	988.984915	1.380568846	1133.894443	1003.104031	1050.823922	939.0918257	0.263574579	2.81864681	11.16555556	982.065	1000	5.90052461	71.79258029	34.0836144	994.0348341	10.26835386	1004.65917	997.2867376	1002.424634	1128.900053	0.43379352	834.1135269	1.966308411	372.5464081	1.017173791	1000	1.349786378	1.546364229	1016.228941	1000	1567.0694	13.34113026	6.499478827	1000	1000.975528	1005.779902	4.246163928	1015.918478	984.15	1019.808591	1000	773.0003474	134.072712	1049.985	12.12215342	1000	1142.761064	1003.260224	7.285289761	3.372203608	1.87835783	6.02717789	219.6896096	16.50910189	197.427184	1007.503913	6.728757235	1013.054686
AMINO ACIDS METABOLISM	ORNITHINE METABOLISM	Ornithine degradation	1000	1070.445	7069.725	1952.01	1548.25	1338.335	10088.5575	1000	7226.3325	2381.525	1486.645	1000	1768.87	2029.795	1069.57	2850.88	1000	5000	1900.985	1683.765	3430.495	1000	1000	1586.395	2717.48	2036.56	1000	7396.0575	4260.611431	2528.829013	1000	3288.855	1677.035	1000	1000	2391.335	8695.395	1615.75	1273.86	1712.735	1043.17	1000	1000	1287.585	1049.985	1330.325	1000	1516.295	5000	1817.365	1841.35	2340.38	3960.4	2040.64	5000	8574.1875	2878.315	1234.02	1831.445
AMINO ACIDS METABOLISM	ORNITHINE METABOLISM	Synthesis of ornithine from glutamine	1000	1070.445	23.60772726	1952.01	1542.928508	1000.694976	837.8268267	617.4904693	2072.668267	998.2725	1486.645	1000	1005.89	2029.795	264.1320778	1963.693362	992.4953937	995.805	966.76	1683.765	2222.363088	992.32	980.827177	975.68	2505.934469	1993.494105	1000	1002.74	1000	512.5931832	1000	1000.145	1003.625	1000	989.0353558	998.36	1985.045	992.735	1003.74	1712.735	1043.17	1000	997.15	685.6963539	1003.945	1330.325	1000	1516.295	1000.635	172.6157624	1008.554135	1994.425	1994.765	2009.42	2006.96	1392.567003	988.12	1003.925	1002.864939
AMINO ACIDS METABOLISM	ORNITHINE METABOLISM	Synthesis of spermidine from ornithine	0	0	12.78544982	1952.01	0	0	0	1000	2000.065	0	0	0	0	1000	0	0	1000	2000	0	1000	2000.01	0	1000	0	1999.995	2000	1000	0	1000	0	999.99999	1000	0	0	1000	0	0	1615.75	0	0	0	1000	1000	135.3390738	1049.985	1330.325	1000	0	2000.01	0	0	0	1000	0	0	0	999.97	1234.02	1000
AMINO ACIDS METABOLISM	SERINE METABOLISM	Serine synthesis	1000	1070.445	897.57386	1952.01	978.7184134	1338.335	2133.333667	1000	2151.80792	2381.525	1486.645	1000	1078.2181	1787.668972	1026.341052	743.0513932	1000	944.0681223	1538.57365	1683.765	2391.521146	1000	1000	1586.395	1876.800801	2036.56	1000	3025.77529	1671.576635	226.7435739	1000	2353.028647	1677.035	1000	1000	119.9118908	3110.275168	1615.75	1273.86	1712.735	1043.17	1000	1000	430.3711091	1049.985	1330.325	1000	1516.295	3005.448422	29.16911234	1841.35	2253.08311	1861.316615	1005.758141	3043.55577	343.4979484	2076.105598	1234.02	1831.445
AMINO ACIDS METABOLISM	SERINE METABOLISM	Serine degradation	1000	1070.445	4283.012224	1952.01	1548.25	1338.335	10088.5575	1000	7226.3325	2381.525	1486.645	1000	1768.87	2029.795	1069.57	2850.88	1000	5000	1900.985	1683.765	3430.495	1000	1000	1586.395	2717.48	2036.56	1000	7396.0575	5542.853263	3646.715	1000	3288.855	1677.035	1000	1000	2391.335	8695.395	1615.75	1273.86	1712.735	1043.17	1000	1000	1287.585	1049.985	1330.325	1000	1516.295	5000	1817.365	1841.35	2340.38	3960.4	2040.64	5000	8574.1875	2878.315	1234.02	1831.445
AMINO ACIDS METABOLISM	PHENYLALANINE METABOLISM	Phenylalanine degradation	1000	1070.445	4283.012224	1952.01	1548.25	1338.335	10088.5575	1000	7226.3325	2381.525	1486.645	1000	1768.87	2029.795	1069.57	2850.88	1000	5000	1900.985	1683.765	3430.495	1000	1000	1586.395	2717.48	2036.56	1000	7396.0575	4260.611431	2528.829013	1000	3288.855	1677.035	1000	1000	2391.335	8695.395	1615.75	1273.86	1712.735	1043.17	1000	1000	1287.585	1049.985	1330.325	1000	1516.295	5000	1817.365	1841.35	2340.38	3960.4	2040.64	5000	8574.1875	2878.315	1234.02	1831.445
AMINO ACIDS METABOLISM	PHENYLALANINE METABOLISM	Phenylalanine to phenylacetaldehyde	980.7963461	0	0	1269.441333	1000	1138.322079	0	507.0753918	6.233693323	1011.552222	3.56E-20	1.789313234	172.9748734	1000	545.2241595	276.6496861	1000	1000	986.6989191	986.2888688	1193.02089	992.9775646	1000	46.58372283	3.759540199	991.1180115	1000	0	0	187.6778463	0	0	0	20.21407583	1000	1.343148078	1000	991.2706712	1000	1000	0	994.0755258	4.477068836	860.800896	1035.935747	1000	999.98	1000	992.8647272	154.1824709	992.3077968	0.462438846	0	1.05008972	1000	0	0	1012.423481	1000
AMINO ACIDS METABOLISM	PHENYLALANINE METABOLISM	Phenylalanine to phenylacetyl-L-glutaminate	0	0	0	0	0	0	0	0	0	0	0	0	0	0	0	0	0	0	0	0	0	0	0	0	0	0	0	0	0	0	0	0	0	0	0	0	0	0	0	0	0	0	0	0	0	0	0	0	0	0	0	0	0	0	0	0	0	0	0
AMINO ACIDS METABOLISM	PHENYLALANINE METABOLISM	Phenylalanine to tyrosine	1000	159.2454135	987.3402194	1196.720757	10.79748432	1097.179319	1015.675399	988.8531315	987.3749689	1004.074444	986.2082697	5.324582041	12.46074387	1081.979028	997.7545595	976.653494	1000	1001.583062	990.0369855	989.7298423	1178.937083	994.7399293	1000	997.4678349	11.8689371	2.824227451	56.60088542	21.60337832	6.597555872	15.74391962	1000	169.4137087	24.26127621	998.0663559	1000	991.789691	992.3689668	993.2953672	1022.734182	1019.928652	44.70945693	995.5698343	7.00453635	1040.839783	30.5149219	1009.371959	6.645	1196.220891	4.051884194	987.5004322	7.009483366	990.9997864	992.6002102	985.0182697	1005.272194	987.6066388	999.4902174	1007.191471	1014.745317
AMINO ACIDS METABOLISM	PROLINE METABOLISM	Proline synthesis	1000	1000	1000	1000	977.3185647	1000	1000	974.0194154	971.278485	996.665	1000	1000	972.902302	1000	1000	694.8100109	1000	984.2385189	982.4779167	1000	1000	1000	1000	991.2453894	1000	1000	1000	954.7148714	936.6057133	1000	1000	1000	1000	995.0169225	1000	1000	978.4953828	1000	1000	1000	1000	965.6823959	1000	1000	1000	1000	1000	1000	991.6189829	1000	1000	1000	1000	1000	1000	1000	1000	990.6099925	993.7526166
AMINO ACIDS METABOLISM	PROLINE METABOLISM	Proline degradation	1000	1070.445	4283.012224	1952.01	1548.25	1338.335	10088.5575	1000	7226.3325	2381.525	1486.645	1000	1768.87	2029.795	1069.57	2850.88	1000	5000	1900.985	1683.765	3430.495	1000	1000	1586.395	2717.48	2036.56	1000	7396.0575	4260.611431	2528.829013	1000	3288.855	1677.035	1000	1000	2391.335	8695.395	1615.75	1273.86	1712.735	1043.17	1000	1000	1287.585	1049.985	1330.325	1000	1516.295	5000	1817.365	1841.35	2340.38	3960.4	2040.64	5000	8574.1875	2878.315	1234.02	1831.445
AMINO ACIDS METABOLISM	PROLINE METABOLISM	Synthesis of proline from glutamine	1000	1000	1000	1000	977.3105856	1000	1000	974.0194154	971.278485	996.665	1000	1000	972.9022609	1000	1000	659.9254282	1000	984.2385189	982.4779167	1000	1000	1000	1000	991.2453894	1000	1000	1000	954.7148714	936.6057513	1000	1000	1000	1000	995.016934	1000	1000	978.4953828	1000	1000	1000	1000	965.6823959	1000	1000	1000	1000	1000	1000	991.6189829	1000	1000	1000	1000	1000	1000	1000	1000	990.6099925	993.7527594
AMINO ACIDS METABOLISM	THREONINE METABOLISM	Threonine degradation	1000	1070.445	4283.012224	1952.01	1548.25	1338.335	10088.5575	1000	7226.3325	2381.525	1486.645	1000	1768.87	2029.795	1069.57	2850.88	1000	5000	1900.985	1683.765	3430.495	1000	1000	1586.395	2717.48	2036.56	1000	7396.0575	4260.611431	2528.829013	1000	3288.855	1677.035	1000	1000	2391.335	8695.395	1615.75	1273.86	1712.735	1043.17	1000	1000	1287.585	1049.985	1330.325	1000	1516.295	5000	1817.365	1841.35	2340.38	3960.4	2040.64	5000	8574.1875	2878.315	1234.02	1831.445
AMINO ACIDS METABOLISM	TRYPTOPHAN METABOLISM	Tryptophan degradation	1000	1070.445	4283.012224	1952.01	1548.25	1338.335	10088.5575	1000	7226.3325	2381.525	1486.645	1000	1768.87	2029.795	1069.57	2850.88	1000	5000	1900.985	1683.765	3430.495	1000	1000	1586.395	2717.48	2036.56	1000	7396.0575	4260.611431	2528.829013	1000	3288.855	1677.035	1000	1000	2391.335	8695.395	1615.75	1273.86	1712.735	1043.17	1000	1000	1287.585	1049.985	1330.325	1000	1516.295	5000	1817.365	1841.35	2340.38	3960.4	2040.64	5000	8574.1875	2878.315	1234.02	1831.445
AMINO ACIDS METABOLISM	TRYPTOPHAN METABOLISM	Synthesis of anthranilate from tryptophan	0	0	0	1000	0	0	0	0	0.365629931	999.8411111	0	0	690.4149266	0	0	0	0	0	0	0	1000	0	1000	0	995.2985537	0.005969117	1000	0	-1.25E-13	0.110827353	0	0	0	1.28E-13	0	0	0	0	0	0	1036.686082	998.4673586	0	0	0	0	0	0	0	0	-3.03E-21	0	1000.065	0	0	0	0	0	0
AMINO ACIDS METABOLISM	TRYPTOPHAN METABOLISM	Synthesis of L-kynurenine from tryptophan	0	0	0	1000	0	1000	0	996.1436765	0.365629931	999.8411111	999.995	0	714.6984507	0	545.2241595	0	0	0	996.5532376	998.7319796	1000	0	1000	0	995.3780269	0.005969117	1000	0	0	0.110827353	2.90E-05	0	0	0	0	0	0	0.59255524	0	0	36.67778954	998.4673586	998.7037932	0	1000	0	1000	0	0.108070648	199.933837	0	0.015	0.065	0	1000.005	-5.49E-14	2.534181287	0	0
AMINO ACIDS METABOLISM	TRYPTOPHAN METABOLISM	Synthesis of N-formylanthranilate from tryptophan	0	0	0	1000	0	0	1000	0	0.365629931	999.8411111	0	0	997.1525581	0	0	0	0	0	0	0	1000	0	1000	0	995.4679272	0.005969117	1000	0	0	0.110827353	0	0	0	0	0	999.046361	0	0	0	1000	36.68608212	998.4673586	0	0	0	0	0	1000	0	0	0	0	101.0090656	0	0	0	0	0	0
AMINO ACIDS METABOLISM	TRYPTOPHAN METABOLISM	Synthesis of quinolinate from tryptophan	0	0	0	0	0	0	0	0	0	0	0	0	0	0	0	0	0	0	0	0	0	0	0	0	0	0	0	0	0	0	999.999999	0	0	0	0	0	0	0	0	0	0	0	0	0	0	0	0	0	0	0	0	0	0	0	0	0	0	0	0
AMINO ACIDS METABOLISM	TRYPTOPHAN METABOLISM	Synthesis of serotonin from tryptophan	0	0	0	0	0	0	0	0	0	0	0	0	0	0	0	0	0	0	0	0.005	0	0	0	0	0	0	0	0	0	0	5.00E-05	0	0	0	1.29E-14	0	-1.04E-14	0	0	0	0	0	0	0	0	0	0	0	0	4.60E-14	0	0	0	0	0	0	0	0	0
AMINO ACIDS METABOLISM	TYROSINE METABOLISM	Tyrosine synthesis (need phenylalanine)	1000	159.2455549	987.3548564	1202.230445	10.79761185	1097.179395	1015.675399	988.8531315	987.3749689	1004.074444	986.2082697	7.511383985	12.46077673	1081.979028	997.7545595	976.7207688	1000	1001.583062	990.0369855	989.7298423	1180.256984	994.7399293	1000	997.4678484	11.8689371	2.824227451	61.13464302	21.63873998	6.59819094	15.74391962	1000	172.8550922	24.52347224	998.06637	1000	991.789691	992.3689668	993.2953672	1022.734182	1019.928652	44.76195035	995.5698343	7.00453635	1040.839783	30.51494771	1009.371959	6.645	1196.220891	4.051884194	987.5012911	7.009483366	990.9997864	992.6002102	985.0182697	1005.272194	987.6096212	999.4902174	1007.622265	1014.745317
AMINO ACIDS METABOLISM	TYROSINE METABOLISM	Tyrosine degradation	0	1070.445	4283.012224	1952.01	1548.25	1338.335	10088.5575	1000	7226.3325	2381.525	1486.645	1000	1768.87	2029.795	1069.57	2850.88	1000	5000	1900.985	1683.765	3430.495	1000	1000	1586.395	2717.48	2036.56	1000	7396.0575	6706.245	3023.136048	1000	3288.855	1677.035	1000	1000	2391.335	8695.395	1615.75	1273.86	1712.735	1043.17	1000	1000	1287.585	1049.985	1330.325	1000	1516.295	5000	1817.365	1841.35	2340.38	3960.4	2040.64	5000	8574.1875	2878.315	1234.02	1831.445
AMINO ACIDS METABOLISM	TYROSINE METABOLISM	Tyrosine to adrenaline	0	0	0	1000	0	1000	0	461.4493754	1000	983.38	-1.24E-13	0	-2.83E-13	0	-2.26E-14	232.5956372	0	0	1000	985.935	0	0	0	0	0	1000	1000	0	0	0	0	0	0	0	0	0	0	982.68	0	0	0	1000	0	0	886.8067339	0	1000	0	979.0699535	1.25E-13	0	0	0	0	0	325.5223409	0	0	0
AMINO ACIDS METABOLISM	TYROSINE METABOLISM	Tyrosine to dopamine	0	1000	1000	1952.01	0	1000	2000	1000	2000	1000	0	1000	780.0345221	0	1000	651.641995	0	0	1000	1683.765	0	0	0	0	2.10E-13	2036.56	1000	1994.605614	1000	0	1000	979.905	1000	0	1000	2000	1000	1000	1273.86	0	1043.17	1000	0	0	1049.985	9.39E-14	1000	1516.295	2000	0	0	1000	0	0	2000	1000	3.83E-13	0	1831.445
AMINO ACIDS METABOLISM	TYROSINE METABOLISM	Tyrosine to acetoacetate and fumarate	1000	1070.445	929.8543832	1952.01	1548.25	1338.335	2711.466411	1000	3774.198342	2348.192308	1486.645	1000	1277.200468	1713.116416	1069.57	1077.298754	1000	2312.589771	1900.985	1683.765	3430.495	1000	1000	994.6811215	2261.97582	2036.56	1000	3999.942453	1796.404582	512.1019657	1000	2677.344765	1677.035	5.623994096	1000	949.0392082	1996.79001	1615.75	1273.86	1712.735	1043.17	1000	1000	1248.285378	1049.985	1330.325	1000	1516.295	2499.346864	494.2712275	1841.35	2340.38	2740.352705	2040.64	2073.572236	1210.350746	2878.315	1234.02	986.1749041
AMINO ACIDS METABOLISM	VALINE METABOLISM	Valine degradation	1000	1070.445	4283.012224	1952.01	1548.25	1338.335	10088.5575	1000	7226.3325	2381.525	1486.645	1000	1768.87	2029.795	1069.57	2850.88	1000	5000	1900.985	1683.765	3430.495	1000	1000	1586.395	2717.48	2036.56	1000	7396.0575	4260.611431	2528.829013	1000	3288.855	1677.035	1000	1000	2391.335	8695.395	1615.75	1273.86	1712.735	1043.17	1000	1000	1287.585	1049.985	1330.325	1000	1516.295	5000	1817.365	1841.35	2340.38	3960.4	2040.64	5000	8574.1875	2878.315	1234.02	1831.445
AMINO ACIDS METABOLISM	VALINE METABOLISM	Valine to succinyl-coA	1000	1070.445	102.4466009	1952.01	1548.25	1338.335	3133.909837	1000	3112.294065	2381.525	1486.645	1000	1768.87	2029.795	546.5251381	765.7800246	1000	1967.113284	1900.985	1683.765	3430.495	1000	1000	1586.395	2094.272873	2036.56	1000	4000	1330.160483	856.8259322	1000	2859.485885	1677.035	1000	1000	1154.191785	2978.576206	1615.75	1273.86	1712.735	1043.17	1000	1000	1287.585	1049.985	1330.325	1000	1516.295	5000	999.5440165	1841.35	2340.38	3570.523107	2040.64	2073.572236	398.7504671	2878.315	1234.02	1831.445
LIPIDS METABOLISM	CHOLESTEROL METABOLISM	Hydroxymethylglutaryl-CoA synthesis	987.8605207	0	13.26898027	1952.01	1000	1338.335	0	1000	2000	1000	1000	1000	0	1000	535.7357487	999.81	1000	0	1000	0	1999.845	0	1000	999.985	2000	2000	1000	1000	0	0	0	0	1000	991.575	0	999.67	0	1.41E-13	1000	999.93	1000	1000	1000	999.995	1049.985	0	1000	1000	1000	0	0	1000	0	0	0	468.8527187	1000	0	0
LIPIDS METABOLISM	CHOLESTEROL METABOLISM	Cholesterol synthesis	329.3853653	999.9999942	995.7963489	999.9998365	997.2102918	1000	999.9997834	1000	1247.768159	1333.333333	997.4609673	998.0522176	997.8999109	998.916083	996.6805043	1132.12511	998.9838279	996.0301969	1900.985	998.2804892	1000	999.1193175	0.015	333.3332855	1997.69434	998.2727945	1000	333.285849	1329.037241	777.3076529	999.999309	1000	999.1712574	333.3333333	1000	996.9937101	998.7223522	1615.75	996.5734617	1000	1043.17	1000	999.9994446	997.8321661	996.3417803	1330.325	1000	1000	999.3206854	996.2148957	999.0372031	997.4719239	998.7610688	329.6646496	999.9997414	1496.176222	2000	1234.02	999.9998865
LIPIDS METABOLISM	CHOLESTEROL METABOLISM	Acetoacetate synthesis	998.29	0	13.26898027	1952.01	1000	999.99	999.395	999.95	1000	1000	1000	998.37	1000	1000	535.7357488	999.81	1000	0	1900.985	0	999.845	1000	1000	999.985	1000	1000	1000	1000	0	0	999.999992	4.78E-13	1677.035	991.575	0	941.1425022	0	1000	1000	999.93	1043.17	1000	1000	999.995	1049.985	0	1000	1516.295	1000	1000	5.71E-27	1000	-7.05E-13	0.04	1000	499.3699164	1999.73	0	0
LIPIDS METABOLISM	CHOLESTEROL METABOLISM	Mevalonate synthesis	1000	0	109.6479559	1000	490.9930114	1000	1000	1000	1000	1000	1000	0	1000	1000	1000	1000	1000	1431.679979	1000	1000	1000	1000	1000	1000	1000	1500	1000	1000	54.88373796	956.7888352	1000	1000	1000	1000	1000	1000	1500	1000	1000	1000	1000	1000	1000	1287.585	1000	1000	1000	1000	1000	786.8460717	1000	1000	1000	1000	1000	665.375717	1000	1000	1000
LIPIDS METABOLISM	CHOLESTEROL METABOLISM	Farnesyl-pyrophosphate synthesis	116.4407091	333.3333333	0.578620766	333.3333333	245.2308485	333.3333333	333.3333333	154.2717188	297.1193933	333.3333333	333.3333333	295.4284931	111.9397319	333.3333333	11.36120479	77.79162953	333.3333333	66.97842309	333.3333333	333.3333333	333.3333333	333.3333333	333.3333333	333.3333333	183.3671336	333.3333333	333.3333333	333.3333333	31.4954875	10.40848686	333.3333333	333.3333333	333.3333333	333.3333333	333.3333333	16.74612938	333.3333333	333.3333333	220.7719666	333.3333333	333.3333333	333.3333333	333.3333333	75.87044845	100.686626	333.3333333	333.3333333	333.3333333	333.3333333	9.291549233	333.3333333	202.9567194	333.3333333	73.22986986	333.3333333	35.58193355	333.3333333	333.3333333	333.3333333
LIPIDS METABOLISM	GLYCEROPHOSPHOLIPID METABOLISM	Glycerol-3-phosphate synthesis	1000	1070.445	1311.540919	1952.01	1548.25	1338.335	3499.574972	1000	3499.714981	2381.525	1486.645	1000	1768.87	2029.795	0	1758.222617	1000	2845.224457	1900.985	1683.765	3430.495	1000	1000	1586.395	2717.48	2036.56	1000	2999.993936	1120.070476	1194.106668	1000	3288.855	1677.035	1000	1000	2391.335	3000	1615.75	1273.86	1712.735	1043.17	1000	1000	1287.585	1049.985	1330.325	1000	1516.295	4003.408248	1665.704315	1841.35	2340.38	2374.142397	2040.64	3500.000016	2285.27175	2878.315	1234.02	1831.445
LIPIDS METABOLISM	GLYCEROPHOSPHOLIPID METABOLISM	Phosphatidyl-choline synthesis	0	1070.445	7.295838916	1631.984138	819.2017838	1338.335	1188.708706	553.8582448	941.6876882	974.5371794	1486.645	748.5521096	375.1402704	1146.920014	50.2982212	316.959195	1000	1173.177642	1268.182081	1683.765	1322.85	1000	1000	1170.790254	460.441104	1584.430424	1000	1157.130407	696.0998499	75.89071216	1000	1323.9	1677.035	1000	1000	390.9108726	1299.549184	1089.813786	1273.86	1712.735	1043.17	1000	1000	180.7222233	540.5284737	1286.545	1000	1516.295	1326.356651	52.18869153	1659.652172	653.3108268	1319.572333	219.6896096	1323.020404	666.1492191	1329.508333	1234.02	1326.403753
LIPIDS METABOLISM	GLYCEROPHOSPHOLIPID METABOLISM	Phosphatidyl-ethanolamine synthesis	1000	1070.445	992.1426177	1952.01	1548.25	1338.335	2288.951561	1000	1622.704811	1974.537179	1486.645	1000	1350.826212	2029.795	0	1278.318696	1000	1197.978735	1900.985	1683.765	2972.871699	1000	1000	1586.395	1526.62702	1945.76303	1000	2276.406549	1189.883002	1036.027575	1000	2621.267366	1677.035	1000	1000	1036.651924	1997.680465	1615.75	1273.86	1712.735	1043.17	1000	1000	1158.721466	1049.985	1330.325	1000	1516.295	2990.429665	1011.556517	1841.35	1609.395634	1997.750754	1219.003943	2499.998282	1185.658935	2849.601363	1234.02	1831.445
LIPIDS METABOLISM	GLYCEROPHOSPHOLIPID METABOLISM	Phosphatidyl-serine synthesis	0	1070.445	73.98709277	1952.01	1548.25	1338.335	2499.998561	1000	1617.365668	1975.234433	1486.645	1000	1368.496308	2029.795	0	1284.424085	1000	1199.359992	1900.985	1683.765	3000	1000	1000	1586.395	1499.732284	2006.382778	1000	2298.323052	1187.111747	510.0573845	1000	3000	1677.035	1000	1000	817.6917425	1997.680465	1615.75	1273.86	1712.735	1043.17	1000	1000	1060.204316	1049.985	1330.325	1000	1516.295	2978.145395	1339.5372	1841.35	1421.298928	1997.750754	1213.035157	2499.998282	1487.503651	2878.315	1234.02	1831.445
LIPIDS METABOLISM	GLYCEROPHOSPHOLIPID METABOLISM	Phosphatidyl-inositol synthesis	0	1070.445	1030.365672	1952.01	1548.25	1338.335	1999.99987	1000	1630.55624	2000	1486.645	1000	1612.888968	1999.350588	1069.57	1504.275289	1000	1460.01849	1735.441792	1683.765	2000	1000	1000	1586.395	1700.157164	1998.965172	1000	1999.971551	1322.270803	1098.810967	1000	2000	1677.035	1000	1000	814.1859678	1999.234518	1615.75	1273.86	1712.735	1043.17	1000	1000	1278.771338	1049.985	1330.325	1000	1516.295	1999.592999	899.4931148	1841.35	1814.492308	1999.257714	1901.18057	1999.999845	1254.221155	2000	1234.02	1831.445
LIPIDS METABOLISM	GLYCEROPHOSPHOLIPID METABOLISM	Cardiolipin synthesis	377.6782332	500	25.59955361	499.999971	499.504857	500	499.9999616	499.6687525	499.6038724	500	499.5901561	499.6542897	340.2050617	499.8076165	109.1547786	326.7421021	499.8196404	158.8752749	499.7039327	499.6948054	500	499.8436884	500	499.9999915	334.0600468	499.6934397	499.9716907	499.991572	152.2709237	51.51141785	499.9998774	250	499.8508906	500	500	89.50483602	499.7732313	499.7766226	499.4468974	500	499.9993099	499.8683504	499.9999014	160.5770791	499.3507056	500	500	500	499.879429	128.706207	499.829114	499.5512939	499.7801031	499.3488483	499.9999541	210.0404706	500	499.644133	499.9999798
LIPIDS METABOLISM	TRIACYLGLYCEROL METABOLISM	Triacylglycerol synthesis	0	0	0	0	0	0	0	0	0	0	0	0	0	0	0	0	0	0	0	0	0	0	0	0	0	0	0	0	0	0	0	0	0	0	0	0	0	0	0	0	0	0	0	0	0	0	0	0	0	0	0	0	0	0	0	0	0	0	0
LIPIDS METABOLISM	SPHINGOLIPID METABOLISM	Sphingomyelin synthesis	731.6714822	1070.445	7.940252379	1631.984138	1266.281254	1338.335	1313.030609	1000	1194.425781	1124.496035	1486.645	1000	575.1221165	1316.216887	244.7087388	740.9047586	1000	1187.663379	1658.347324	1683.765	1322.85	999.5325901	1000	1307.718841	1070.616285	1759.22518	1000	1316.64631	722.3781226	121.5459819	999.9996333	1000	1677.035	1000	1000	846.7470352	1299.549184	1321.412217	1273.86	1712.735	1043.17	1000	1000	585.2571195	1043.746188	1286.545	1000	1516.295	1326.356651	1118.676646	1659.652172	1046.477599	999.3424547	1062.623122	1323.020404	1096.15551	1329.508333	1234.02	1326.403267
LIPIDS METABOLISM	SPHINGOLIPID METABOLISM	Ceramide synthesis	1000	1070.445	2027.512387	1952.01	1548.25	1338.335	2999.999885	1000	1998.815482	2381.525	1486.645	1000	1768.87	1999.424726	1069.57	2182.430193	1000	2997.893083	1900.985	1683.765	2000	1000	1000	1586.395	2717.48	1999.08331	1000	2999.927391	1693.81976	2049.206565	1000	3000	1677.035	1000	1000	2391.335	2999.321906	1615.75	1273.86	1712.735	1043.17	1000	1000	1287.585	1049.985	1330.325	1000	1516.295	1999.639463	1817.365	1841.35	1998.658259	1999.342455	1998.052898	2999.999863	3302.476887	2878.315	1234.02	1831.445
LIPIDS METABOLISM	FATTY ACID METABOLISM	Palmitate synthesis	1000	1070.445	2158.4699	1952.01	1548.25	1338.335	2142.857143	1000	3238.581262	2381.525	1486.645	1000	1768.87	2029.795	1069.57	1061.914127	1000	4172.993011	1900.985	1683.765	3430.495	1000	1000	1586.395	2717.48	2036.56	1000	2437.757143	2352.60352	1038.27706	1000	2142.857143	1677.035	1000	1000	2391.335	2142.853594	1615.75	1273.86	1712.735	1043.17	1000	1000	1287.585	1049.985	1330.325	1000	1516.295	3142.857143	1817.365	1142.857143	2340.38	1530.970682	2040.64	3961.257143	1933.012311	2739.257143	1234.02	1831.445
LIPIDS METABOLISM	FATTY ACID METABOLISM	Palmitate degradation	0	1070.445	1491.706333	1952.01	1548.25	1338.335	7329.617448	1000	4921.225682	2381.525	1486.645	1000	1768.87	2029.795	1069.57	2850.88	1000	2419.607874	1900.985	1683.765	3430.495	1000	1000	1586.395	2717.48	2036.56	1000	6023.086717	3684.081343	2456.76235	1000	3288.855	1677.035	1000	1000	2391.335	6719.223938	1615.75	1273.86	1712.735	1043.17	1000	1000	1287.585	1049.985	1330.325	1000	1516.295	5000	1817.365	1841.35	2340.38	3960.4	2040.64	5000	2104.348001	2878.315	1234.02	1831.445
LIPIDS METABOLISM	FATTY ACID METABOLISM	Palmitolate synthesis	1000	1070.445	7069.725	1952.01	1548.25	1338.335	10088.5575	1000	7226.3325	2381.525	1486.645	1000	1768.87	2029.795	1069.57	2850.88	1000	5000	1900.985	1683.765	3430.495	1000	1000	1586.395	2717.48	2036.56	1000	7396.0575	6706.245	3646.715	1000	3288.855	1677.035	1000	1000	2391.335	8695.395	1615.75	1273.86	1712.735	1043.17	1000	1000	1287.585	1049.985	1330.325	1000	1516.295	5000	1817.365	1841.35	2340.38	3960.4	2040.64	5000	8574.1875	2878.315	1234.02	1831.445
LIPIDS METABOLISM	FATTY ACID METABOLISM	Palmitolate degradation	1000	1070.445	1491.706333	1952.01	1548.25	1338.335	7329.617454	1000	4921.225682	2381.525	1486.645	1000	1768.87	2029.795	1069.57	2850.88	1000	2419.607874	1900.985	1683.765	3430.495	1000	1000	1586.395	2717.48	2036.56	1000	6023.086717	3684.081343	2456.76235	1000	3288.855	1677.035	1000	1000	2391.335	6719.223938	1615.75	1273.86	1712.735	1043.17	1000	1000	1287.585	1049.985	1330.325	1000	1516.295	5000	1817.365	1841.35	2340.38	3960.4	2040.64	5000	2104.348001	2878.315	1234.02	1831.445
LIPIDS METABOLISM	FATTY ACID METABOLISM	cis-vaccenic acid synthesis	1000	1070.445	1000	1000.1	1548.25	1338.335	1000	1000	2959.756383	1000	1486.645	1000	1449.305456	2029.795	1069.57	1004.308291	1000	2000	1000.1	1683.765	2000.1	1000	1000	1586.395	2717.48	2025.1	1000	3000	2000.186302	1230.413871	1000	2000	1677.035	1000	1000	2121.821394	2000	1615.75	1273.86	1712.735	1043.17	1000	1000	915.5087738	1049.985	1050.800003	1000	1516.295	2000	1000.2	1841.35	2000	2050.788829	2040.64	3025	2497.676671	2000	1234.02	1046.452173
LIPIDS METABOLISM	FATTY ACID METABOLISM	cis-vaccenic acid degradation	1000	1070.445	1491.706333	1952.01	1548.25	1338.335	7329.617448	1000	4921.225682	2381.525	1486.645	1000	1768.87	2029.795	1069.57	2850.88	1000	2419.607874	1900.985	1683.765	3430.495	1000	1000	1586.395	2717.48	2036.56	1000	6023.086717	3684.081343	2456.76235	1000	3288.855	1677.035	1000	1000	2391.335	6719.223938	1615.75	1273.86	1712.735	1043.17	1000	1000	1287.585	1049.985	1330.325	1000	1516.295	5000	1817.365	1841.35	2340.38	3960.4	2040.64	5000	2104.348001	2878.315	1234.02	1831.445
LIPIDS METABOLISM	FATTY ACID METABOLISM	Elaidate synthesis	1000	1070.445	1045.963188	1952.01	1548.25	1338.335	3624.09969	1000	2402.183944	2381.525	1486.645	1000	0	2029.795	1069.57	2850.88	1000	3256.923689	1900.985	1683.765	3000	1000	1000	1586.395	2717.48	2036.56	1000	3000	1579.827286	1817.74483	1000	3000	1677.035	1000	1000	506.1395513	2704.807272	1615.75	1273.86	1712.735	1043.17	1000	1000	1287.585	1049.985	1330.325	1000	1516.295	3000	1817.365	1841.35	1.26E-13	2727.545231	2040.64	4000	1652.122846	2878.315	1234.02	1.98E-13
LIPIDS METABOLISM	FATTY ACID METABOLISM	Elaidate degradation	1000	1070.445	1491.706333	1952.01	1548.25	1338.335	7329.617454	1000	4921.225682	2381.525	1486.645	1000	1768.87	2029.795	1069.57	2850.88	1000	2419.607874	1900.985	1683.765	3430.495	1000	1000	1586.395	2717.48	2036.56	1000	6023.086717	3684.081343	2456.76235	1000	3288.855	1677.035	1000	1000	2391.335	6719.223938	1615.75	1273.86	1712.735	1043.17	1000	1000	1287.585	1049.985	1330.325	1000	1516.295	5000	1817.365	1841.35	2340.38	3960.4	2040.64	5000	2104.348001	2878.315	1234.02	1831.445
LIPIDS METABOLISM	FATTY ACID METABOLISM	Linolenate degradation	0	1070.445	1491.706333	1952.01	1548.25	1338.335	7329.617448	1000	4921.225682	2381.525	1486.645	1000	1768.87	2029.795	1069.57	2850.88	1000	2419.607874	1900.985	1683.765	3430.495	1000	1000	1586.395	2717.48	2036.56	1000	6023.086717	3684.081343	2456.76235	1000	3288.855	1677.035	1000	1000	0	6719.223938	1615.75	1273.86	1712.735	1043.17	1000	1000	1287.585	1049.985	1330.325	1000	1516.295	5000	1817.365	1841.35	2340.38	3960.4	2040.64	5000	2104.348001	2878.315	1234.02	1831.445
LIPIDS METABOLISM	FATTY ACID METABOLISM	Linoleate degradation	1000	1070.445	1491.706333	1952.01	1548.25	1338.335	7329.617449	1000	4921.225682	2381.525	1486.645	1000	1768.87	2029.795	1069.57	2850.88	1000	2419.607874	1900.985	1683.765	3430.495	1000	1000	1586.395	2717.48	2036.56	1000	6023.086717	3684.081343	2456.76235	1000	3288.855	1677.035	1000	1000	2391.335	6719.223938	1615.75	1273.86	1712.735	1043.17	1000	1000	1287.585	1049.985	1330.325	1000	1516.295	5000	1817.365	1841.35	2340.38	3960.4	2040.64	5000	2104.348001	2878.315	1234.02	1831.445
LIPIDS METABOLISM	FATTY ACID METABOLISM	gamma-Linolenate synthesis	1000	1070.445	2234.2737	1952.01	1548.25	1338.335	2002.9	1000	3000.082363	2381.525	1486.645	1000	1465.279863	2007.8	1069.57	1997.547885	1000	2997.17319	1900.985	1683.765	3002.9	1000	1000	1586.395	2717.48	2036.56	1000	3002.9	1444.570211	1242.49917	1000	2002.9	1677.035	1000	1000	2250.095309	2002.9	1615.75	1273.86	1712.735	1043.17	1000	1000	1287.585	1049.985	1330.325	1000	1516.295	2000	1397.478608	1841.35	2340.38	3002.9	2040.64	3002.9	2599.540703	2878.315	1234.02	1831.445
LIPIDS METABOLISM	FATTY ACID METABOLISM	gamma-Linolenate degradation	1000	1070.445	1491.706333	1952.01	1548.25	1338.335	7329.617449	1000	4921.225682	2381.525	1486.645	1000	1768.87	2029.795	1069.57	2850.88	1000	2419.607874	1900.985	1683.765	3430.495	1000	1000	1586.395	2717.48	2036.56	1000	6023.086717	3684.081343	2456.76235	1000	3288.855	1677.035	1000	1000	2391.335	6719.223938	1615.75	1273.86	1712.735	1043.17	1000	1000	1287.585	1049.985	1330.325	1000	1516.295	5000	1817.365	1841.35	2340.38	3960.4	2040.64	5000	2104.348001	2878.315	1234.02	1831.445
LIPIDS METABOLISM	FATTY ACID METABOLISM	Arachidonate synthesis	0	1070.445	1970.856877	1952.01	1548.25	1338.335	3070.953649	1000	3954.698082	2381.525	1486.645	1000	1768.87	2029.795	0	1924.644355	1000	3600.680635	1900.985	1683.765	2116.5	1000	1000	1586.395	1933.94921	2036.56	1000	4050.419122	2384.374195	1433.008817	1000	3108.3	1677.035	1000	1000	1711.809381	3108.3	1615.75	1273.86	1712.735	1043.17	1000	1000	1287.585	1049.985	1330.325	1000	1516.295	2108.3	1050.543813	1841.35	2340.38	2055.257924	2040.64	5000	2358.448285	2878.315	1234.02	1831.445
LIPIDS METABOLISM	FATTY ACID METABOLISM	Arachidonate degradation	0	1070.445	1491.706333	1952.01	1548.25	1338.335	7329.617449	1000	4921.225682	2381.525	1486.645	1000	1768.87	2029.795	1069.57	2850.88	1000	2419.607874	1900.985	1683.765	3430.495	1000	1000	1586.395	2717.48	2036.56	1000	6023.086717	3684.081343	2456.76235	1000	3288.855	1677.035	1000	1000	2391.335	6719.223938	1615.75	1273.86	1712.735	1043.17	1000	1000	1287.585	1049.985	1330.325	1000	1516.295	5000	1817.365	1841.35	2340.38	3960.4	2040.64	5000	2104.348001	2878.315	1234.02	1831.445
LIPIDS METABOLISM	FATTY ACID METABOLISM	Synthesis of malonyl-coa	1000	1070.445	17.49571183	1952.01	1548.25	1338.335	2000	1000	2072.352691	2275.305537	1486.645	1000	1645.33195	2029.795	518.1901262	1484.97501	1000	1244.864593	1900.985	1683.765	3000	1000	1000	1586.395	1228.598021	2000	1000	3000	1240.3676	697.0491882	1000	3000	1677.035	1000	1000	249.2949906	3000	1615.75	1273.86	1712.735	1043.17	1000	1000	1233.63803	1049.985	1330.325	1000	1516.295	2000	32.28414893	1841.35	1097.023521	3000	1219.68961	3000	272.0843644	2878.315	1234.02	1831.445
LIPIDS METABOLISM	FATTY ACID METABOLISM	Synthesis of palmitoyl-CoA	1000	1070.445	329.9830617	1952.01	1548.25	1338.335	2142.857143	1000	1869.334357	2051.272405	1486.645	1000	1768.87	2029.795	518.1901262	1067.360343	1000	1419.622899	1900.985	1683.765	3222	1000	1000	1586.395	1437.551787	2036.56	1000	2437.757143	606.6099731	697.0827539	1000	2142.857143	1677.035	1000	1000	249.3177478	2142.853594	1615.75	1273.86	1712.735	1043.17	1000	1000	1221.733552	1049.985	1330.325	1000	1516.295	3142.857143	982.3739986	1142.857143	1713.398766	1522.359869	1815.873206	4142.769216	528.3835287	2739.257143	1234.02	1831.445
LIPIDS METABOLISM	BILE ACID SYNTHESIS	Taurochenodeoxycholate synthesis	0	0	0	0	0	0	0	1.51E-16	0	0	0	3.86E-14	1.04E-13	0	0	0	0	0	0	0	-1.67E-26	0	-1.88E-29	2.25E-27	0	0	0	0	0	0	0	0	0	2.35E-29	0	0	0	0	0	0	0	0	1000	0	1.14E-13	0	0	0	0	0	0	0	0	0	0	0	0	0	0
LIPIDS METABOLISM	BILE ACID SYNTHESIS	Glycochenodeoxycholate synthesis	1000	1070.445	7069.725	1952.01	1548.25	1338.335	10088.5575	1000	7226.3325	2381.525	1486.645	1000	1768.87	2029.795	1069.57	2850.88	1000	0	1900.985	1683.765	3430.495	1000	1000	1586.395	2717.48	2036.56	1000	7396.0575	6706.245	3646.715	1000	3288.855	1677.035	1000	1000	2391.335	8695.395	1615.75	1273.86	1712.735	1043.17	1000	1000	1287.585	1049.985	1330.325	1000	1516.295	5000	1817.365	1841.35	2340.38	3960.4	2040.64	5000	8574.1875	2878.315	1234.02	1831.445
LIPIDS METABOLISM	BILE ACID SYNTHESIS	tauro-cholate synthesis	1000	1070.445	7069.725	1952.01	1548.25	1338.335	10088.5575	1000	7226.3325	2381.525	1486.645	1000	1768.87	2029.795	1069.57	2850.88	1000	5000	1900.985	1683.765	3430.495	1000	1000	1586.395	2717.48	2036.56	1000	7396.0575	6706.245	3646.715	1000	3288.855	1677.035	1000	1000	2391.335	8695.395	1615.75	1273.86	1712.735	1043.17	1000	1000	1287.585	1049.985	1330.325	1000	1516.295	5000	1817.365	1841.35	2340.38	3960.4	2040.64	5000	8574.1875	2878.315	1234.02	1831.445
LIPIDS METABOLISM	BILE ACID SYNTHESIS	glyco-cholate synthesis	0	0	0	0	0	0	0	0	0	0	0	0	0	0	0	0	0	0	0	0	0	0	0	0	0	0	0	0	0	0	0	0	0	0	0	0	0	0	0	0	0	0	0	0	0	0	0	0	0	0	0	0	0	0	0	0	0	0	0
LIPIDS METABOLISM	EICOSANOID METABOLISM	Synthesis of thromboxane from arachidonate	0	0	0	0	0	0	0	0	1000	0	0	0	0	0	0	0	0	0	1900.985	1000	1000	0	750	1000	1000	0	0	0	0	0	0	0	0	1000	0	0	0	0	0	0	0	0	749.9999975	0	752.63262	0	1000	0	1000	0	0	0	0	0	0	0	0	0	0
LIPIDS METABOLISM	GANGLIOSIDE METABOLISM	Synthesis of galactosyl glucosyl ceramide (link with ganglioside metabolism)	0	0	0	0	0	0	0	0	0	0	0	0	0	0	0	0	0	0	0	0	0	0	0	0	0	0	0	0	0	0	0	0	0	0	0	0	0	0	0	0	0	0	0	0	0	0	0	0	0	0	0	0	0	0	0	0	0	0	0
LIPIDS METABOLISM	GANGLIOSIDE METABOLISM	Synthesis of glucocerebroside	0	1070.445	1000.25216	1952.01	1548.25	1000	2000	1000	1370.001805	1720.327667	1486.645	1000	1000	1999.424726	1000	482.0439491	1000	1243.117606	1900.985	1000	1000	1000	1000	1586.395	1000	1000	1000	1008.544251	311.2716688	557.3198805	1000	1001.015	1677.035	1000	1000	1220.752666	1999.998968	1615.75	1273.86	1712.735	1043.17	1000	1000	1009.987506	606.2164915	1330.325	1000	1516.295	1999.639463	1362.883593	1841.35	1185.068645	1593.665503	1219.68961	2000	1000	1999.89	1234.02	1000
LIPIDS METABOLISM	GLOBOSIDE METABOLISM	Synthesis of globoside (link with globoside metabolism)	0	0	0	0	0	0	0	0	0	0	0	0	0	0	0	0	0	0	0	0	0	0	0	0	0	0	0	0	0	0	0	0	0	0	0	0	0	0	0	0	0	0	0	0	0	0	166.6666667	0	0	0	0	0	0	0	0	0	0	0	0
VITAMIN & COFACTOR METABOLISM	COENZYME NAD BIOSYNTHESIS	NAD synthesis from nicotinamide	1000	999.9999996	2.623080807	999.9999879	883.7860905	1000	999.999984	560.3302053	999.8352759	1000	999.8295722	1000	999.8604715	1000	999.8182262	503.1766039	1000	629.5270644	999.8768846	999.8730891	1000	999.9351353	1000	1000	706.2461611	999.8725212	999.993228	999.9964954	551.8378565	76.9960474	1000	1000	1677.035	1000	1000	487.8788801	1999.905701	1615.75	1273.86	1712.735	1043.17	999.9452553	999.999959	1000	999.8374722	1000	1000	1516.295	1999.949862	144.6298654	1841.35	999.8134118	999.908559	999.7292277	999.9999809	255.9440209	1000	1234.02	1831.445
VITAMIN & COFACTOR METABOLISM	COENZYME FAD BIOSYNTHESIS	FAD synthesis	1000	1070.445	1003.927809	1952.01	1548.25	1338.335	2000	1000	1999.996383	2000	1486.645	1000	1768.87	1999.998244	0	1958.118895	1000	1999.993567	1900.985	1683.765	2000	1000	1000	1586.395	1999.996264	1999.997201	1000	1999.999923	1611.712613	1092.384395	1000	2000	1677.035	1000	1000	1526.510984	1999.99793	1615.75	1273.86	1712.735	1043.17	1000	1000	1287.585	1049.985	1330.325	1000	1516.295	1999.998899	1281.897624	1841.35	1999.995903	1999.997992	1999.994055	2000	1368.421542	2000	1234.02	1831.445
VITAMIN & COFACTOR METABOLISM	COENZYME A BIOSYNTHESIS	Synthesis of coenzyme A	998.3964103	1000	602.6775206	999.999927	998.7540513	999.999976	1000.044903	541.0257315	987.0536983	1000.015	998.9686931	999.130075	999.0620513	999.5158974	998.5174359	998.1762129	999.5461538	998.2269934	999.2549937	999.2320264	1000	999.6066667	1000	1000	998.9702385	999.2285898	999.9287642	999.9787924	998.0812652	323.9510114	999.9997114	1000	999.62479	1000	1000	998.6573209	999.4293727	999.4379062	998.6082051	1000	999.9982635	999.6687246	999.9997519	999.0317949	998.3661538	1000	1000	1000	999.6966023	998.3094842	999.5699925	998.8709023	999.4466645	998.3614804	999.9998845	467.8591148	1000	999.1045172	999.9999493
VITAMIN & COFACTOR METABOLISM	FOLATE METABOLISM	Tetrahydrofolate synthesis	1000	1070.445	302.5320538	1952.01	1548.25	1338.335	3126.509562	1000	2999.996383	2381.525	1486.645	1000	1039.669917	1999.998244	1069.57	2341.544117	1000	1794.339093	1900.985	1683.765	3430.495	1000	1000	1586.395	2717.48	2036.56	1000	1999.999923	114.3508611	139.0319838	1000	3288.855	1677.035	1000	1000	1657.909418	4619.096406	1615.75	1273.86	1712.735	1043.17	1000	1000	1287.585	1049.985	1330.325	1000	1516.295	2999.80592	952.0205387	1841.35	2340.38	1484.292644	2040.64	3000	2567.081929	2878.315	1234.02	1831.445
VITAMIN & COFACTOR METABOLISM	VITAMIN B6 METABOLISM	Pyridoxal-phosphate synthesis	1000	1070.445	2999.993188	1952.01	1548.25	1338.335	3000	1000	2999.996383	2381.525	1486.645	1000	1768.87	2029.795	1069.57	2394.596229	1000	2199.339849	1900.985	1683.765	3000	1000	1000	1586.395	2717.48	2036.56	1000	2999.999923	1549.62509	1218.172597	1000	3000	1677.035	1000	1000	1316.440056	2999.99793	1615.75	1273.86	1712.735	1043.17	1000	1000	1287.585	1049.985	1330.325	1000	1516.295	2999.998899	1399.530483	1841.35	2340.38	2999.997992	2040.64	3000	2077.519512	2878.315	1234.02	1831.445
VITAMIN & COFACTOR METABOLISM	HEME METABOLISM	Heme synthesis	999.9941818	1000	999.9931882	899.9999978	999.9954794	1000	999.9999996	999.9969758	999.9963834	1000	999.9962582	699.5733319	999.9965969	999.9982436	0	999.9933829	999.9983534	999.9935672	999.997297	999.9972136	1000	999.9985729	1000	1000	999.9962638	999.9972012	999.9997415	999.9999231	999.9930384	999.9936131	999.9999989	1000	999.9986387	1000	1000	999.9951285	999.9979296	999.9979606	999.9949503	1000	999.9999937	894.3834019	1000	999.9964872	999.9940721	1000	1000	1000	999.9988992	225.1033692	999.9984398	999.9959034	696.7247371	999.9940551	999.9999996	999.9944345	1000	999.996751	1000
VITAMIN & COFACTOR METABOLISM	GPI ANCHOR BIOSYNTHESIS	Phosphatidyl-inositol to glucosaminyl-acylphosphatidylinositol	429.3936697	0	180.7039076	1000	0	1000	0	736.7701535	1000	924.8116288	1000	937.1936648	903.3010209	1000	526.0591765	0	1000	462.3364608	1000	0	1000	0	1000	1000	1000	1000	1000	0	0	0	0	0	0	1000	0	487.3540756	1000	1000	0	1000	0	1000	1000	0	1000	0	1000	0	1000	178.292518	0	951.1609743	1000	1000	1000	0	1000	0	0
GLYCAN METABOLISM	GPI ANCHOR BIOSYNTHESIS	Glucosaminyl-acylphosphatidylinositoll to deacylated-glycophosphatidylinositol (GPI)-anchored protein	0	0	0	0	0	0	0	0	0	0	0	168.4049472	0	0	0	0	0	0	0	0	0	0	0	0	0	0	0	0	0	0	0	0	0	0	0	0	0	0	0	0	0	0	0	0	0	0	0	0	0	0	0	0	0	0	0	0	0	0	0
GLYCAN METABOLISM	N-GLYCAN METABOLISM	Degradation of n2m2nmasn	0	0	0	0	0	0	0	0	0	0	0	0	0	0	0	0	0	0	0	0	0	0	0	0	0	0	600	0	0	0	0	0	0	0	0	0	0	0	0	0	0	0	0	0	0	0	0	0	0	0	0	0	0	0	0	0	750	0	0
GLYCAN METABOLISM	N-GLYCAN METABOLISM	Biosynthesis of m4mpdol-U	0	0	0	0	0	0	0	0	0	0	0	-1.17E-13	0	0	0	0	0	0	0	0	0	0	0	0	0	0	0	0	0	0	0	0	0	0	0	0	0	0	0	0	0	0	0	0	0	0	0	0	0	0	0	0	0	0	0	0	0	0	0
GLYCAN METABOLISM	N-GLYCAN METABOLISM	Biosynthesis of g3m8masn	0	0	0	0	0	0	0	0	0	0	0	0	0	0	0	0	0	0	0	0	0	0	0	0	0	0	0	0	0	0	0	0	0	0	0	0	0	0	0	0	0	0	0	0	0	0	0	0	0	0	0	0	0	0	0	0	0	0	0
GLYCAN METABOLISM	N-GLYCAN METABOLISM	Degradation of s2l2fn2m2masn	0	0	0	0	0	0	0	0	0	0	0	0	0	0	0	0	0	0	0	0	0	0	0	0	0	0	600	0	0	0	0	0	0	0	0	0	0	0	0	0	0	0	0	0	0	0	0	0	0	0	0	0	0	0	0	0	750	0	0
GLYCAN METABOLISM	O-GLYCAN METABOLISM	"Biosynthesis of core2 (beta-D-Galactosyl-1,3-(N-acetyl-beta-D-glucosaminyl-1,6)-N-acetyl-D-galactosaminyl-R)"	0	0	0	0	0	0	0	0	0	0	0	0	0	0	0	0	0	0	0	0	0	8.44E-25	0	0	0	0	0	0	0	0	0	0	0	0	0	0	0	0	0	0	0	0	0	0	0	0	166.6666667	0	0	0	0	0	0	0	0	0	0	0	0
GLYCAN METABOLISM	O-GLYCAN METABOLISM	"Biosynthesis of core4 (NAcetyl-beta-D-glucosaminyl-1,6-(Nacetyl-beta-D-glucosaminyl-1,3)-N-acetyl-D-galactosaminyl-R)"	0	0	0	0	0	0	0	0	0	0	0	0	0	0	0	0	0	0	0	0	0	0	0	0	0	0	0	0	0	0	0	0	0	0	0	0	0	0	0	0	0	0	0	0	0	0	166.6666667	0	0	0	0	0	0	0	0	0	0	0	0
GLYCAN METABOLISM	O-GLYCAN METABOLISM	Biosynthesis of Tn-antigen (Glycoprotein N-acetyl-D-galactosamine)	0	0	0	0	0	0	0	0	0	0	0	0	0	0	0	0	0	0	0	0	0	500	0	0	0	0	0	0	0	0	0	0	0	0	0	0	0	0	0	0	0	0	0	0	0	0	500	0	0	0	0	0	0	0	0	0	0	0	0
GLYCAN METABOLISM	KERATAN SULFATE METABOLISM	Keratan sulfate biosynthesis from O-glycan (core 2-linked)	0	0	0	0	0	0	0	0	0	0	0	0	0	0	0	0	0	0	0	0	0	0	0	0	0	0	0	0	0	0	0	0	0	0	0	0	0	0	0	0	0	0	0	0	0	0	0	0	0	0	0	0	0	0	0	0	0	0	0
GLYCAN METABOLISM	KERATAN SULFATE METABOLISM	Keratan sulfate biosynthesis from O-glycan (core 4-linked)	0	0	0	0	0	0	0	0	0	0	0	0	0	0	0	0	0	0	0	0	0	0	0	0	0	0	0	0	0	0	0	0	0	0	0	0	0	0	0	0	0	0	0	0	0	0	0	0	0	0	0	0	0	0	0	0	0	0	0
GLYCAN METABOLISM	KERATAN SULFATE METABOLISM	Keratan sulfate degradation	0	0	0	0	0	0	0	0	0	0	0	0	0	0	0	0	0	0	0	0	0	0	0	0	0	0	285.7142857	0	0	0	0	0	0	0	0	0	0	0	0	0	0	0	0	0	0	0	0	0	0	0	0	0	0	0	0	0	333.3333333	0	0
GLYCAN METABOLISM	KERATAN SULFATE METABOLISM	Keratan sulfate biosynthesis from N-glycan	0	0	0	0	0	0	0	0	0	0	0	0	0	0	0	0	0	0	0	0	0	0	0	0	0	0	0	0	0	0	0	0	0	0	0	0	0	0	0	0	0	0	0	0	0	0	0	0	0	0	0	0	0	0	0	0	0	0	0